39.243755	4	372.783163	3.325043	14	0	292.03	0	0.99
42.01623	5	372.844946	3.324492	15	0	0	0	0
50.382741	6	372.906729	3.323941	18	0	0	0	0
83.910087	7	372.968512	3.32339	30	0	0	0	0
111.79869	8	373.030295	3.32284	40	0	0	0	0
148.02551	9	373.092079	3.32229	53	0	0	0	0
203.735965	10	373.153862	3.32174	73	0	0	0	0
250.99881	11	373.215645	3.32119	90	0	0	0	0
298.192979	12	373.277428	3.32064	107	0	0	0	0
359.242737	13	373.339211	3.320091	129	0	0	0	0
431.335104	14	373.400994	3.319541	155	0	0	0	0
481.076562	15	373.462777	3.318992	173	0	0	0	0
522.409543	16	373.524561	3.318443	188	0	0	0	0
572.012868	17	373.586344	3.317894	206	0	0	0	0
646.517066	18	373.648127	3.317346	233	0	0	0	0
726.458862	19	373.70991	3.316797	262	0	0	0	0
828.450861	20	373.771693	3.316249	299	0	0	0	0
957.982692	21	373.833476	3.315701	346	0	0	0	0
1114.994631	22	373.895259	3.315153	403	0	0	0	0
1296.662369	23	373.957043	3.314605	469	0	0	0	0
1478.067774	24	374.018826	3.314058	535	0	0	0	0
1730.990866	25	374.080609	3.31351	627	0	0	0	0
2066.311961	26	374.142392	3.312963	749	0	0	0	0
2431.474174	27	374.204175	3.312416	882	0	0	0	0
2851.206003	28	374.265958	3.311869	1035	0	0	0	0
3314.378262	29	374.327741	3.311323	1204	0	0	0	0
3911.674297	30	374.389525	3.310776	1422	0	0	0	0
4576.832297	31	374.451308	3.31023	1665	0	0	0	0
5367.390081	32	374.513091	3.309684	1954	0	0	0	0
6250.138416	33	374.574874	3.309138	2277	0	0	0	0
7216.649685	34	374.636657	3.308592	2631	0	0	0	0
8236.592683	35	374.69844	3.308047	3005	0	0	0	0
9386.544025	36	374.760223	3.307501	3427	0	0	0	0
10313.14635	37	374.822007	3.306956	3768	0	0	0	0
11087.99105	38	374.88379	3.306411	4054	0	0	0	0
11664.94067	39	374.945573	3.305866	4268	0	0	0	0
11820.46449	40	375.007356	3.305322	4328	0	0	0	0
11798.36584	41	375.069139	3.304777	4323	0	0	0	0
11413.57201	42	375.130922	3.304233	4185	0	0	0	0
10914.86339	43	375.192705	3.303689	4005	0	0	0	0
10166.31595	44	375.254489	3.303145	3733	0	0	0	0
9135.807654	45	375.316272	3.302601	3357	0	0	0	0
8133.962719	46	375.378055	3.302058	2991	0	0	0	0
7258.551721	47	375.439838	3.301514	2671	0	0	0	0
6441.414705	48	375.501621	3.300971	2372	0	0	0	0
5587.449035	49	375.563404	3.300428	2059	0	0	0	0
4756.391937	50	375.625187	3.299885	1754	0	0	0	0
3923.806555	51	375.686971	3.299343	1448	0	0	0	0
3187.180319	52	375.748754	3.2988	1177	0	0	0	0
2535.485158	53	375.810537	3.298258	937	0	0	0	0
2006.396958	54	375.87232	3.297716	742	0	0	0	0
1588.846418	55	375.934103	3.297174	588	0	0	0	0
1269.095349	56	375.995886	3.296632	470	0	0	0	0
1019.952999	57	376.057669	3.29609	378	0	0	0	0
819.69837	58	376.119453	3.295549	304	0	0	0	0
622.421749	59	376.181236	3.295008	231	0	0	0	0
465.812714	60	376.243019	3.294466	173	0	0	0	0
339.022404	61	376.304802	3.293926	126	0	0	0	0
239.298867	62	376.366585	3.293385	89	0	0	0	0
161.211059	63	376.428368	3.292844	60	0	0	0	0
99.343261	64	376.490151	3.292304	37	0	0	0	0
61.710319	65	376.551935	3.291764	23	0	0	0	0
64.347937	66	376.613718	3.291224	24	0	0	0	0
45.547643	67	376.675501	3.290684	17	0	0	0	0
50.870305	68	376.737284	3.290144	19	0	0	0	0
45.483469	69	376.799067	3.289605	17	0	0	0	0
37.430599	70	376.86085	3.289065	14	0	0	0	0
40.075989	71	376.922633	3.288526	15	0	0	0	0
37.377946	72	376.984417	3.287987	14	0	0	0	0
32.015715	73	377.0462	3.287449	12	0	0	0	0
34.65932	74	377.107983	3.28691	13	0	0	0	0
26.642292	75	377.169766	3.286372	10	0	0	0	0
23.961232	76	377.231549	3.285833	9	0	0	0	0
26.604913	77	377.293332	3.285295	10	0	0	0	0
26.586259	78	377.355115	3.284757	10	0	0	0	0
26.567627	79	377.416899	3.28422	10	0	0	0	0
23.894116	80	377.478682	3.283682	9	0	0	0	0
18.571302	81	377.540465	3.283145	7	0	0	0	0
18.558308	82	377.602248	3.282608	7	0	0	0	0
23.843995	83	377.664031	3.282071	9	0	0	0	0
23.827329	84	377.725814	3.281534	9	0	0	0	0
18.519421	85	377.787597	3.280997	7	0	0	0	0
26.437843	86	377.849381	3.280461	10	0	0	0	0
21.135515	87	377.911164	3.279924	8	0	0	0	0
23.76087	88	377.972947	3.279388	9	0	0	0	0
15.829537	89	378.03473	3.278852	6	0	0	0	0
18.454926	90	378.096513	3.278316	7	0	0	0	0
15.807492	91	378.158296	3.277781	6	0	0	0	0
26.327483	92	378.220079	3.277245	10	0	0	0	0
18.416418	93	378.281863	3.27671	7	0	0	0	0
23.661789	94	378.343646	3.276175	9	0	0	0	0
13.136304	95	378.405429	3.27564	5	0	0	0	0
15.752616	96	378.467212	3.275105	6	0	0	0	0
13.118067	97	378.528995	3.274571	5	0	0	0	0
18.352552	98	378.590778	3.274036	7	0	0	0	0
18.339826	99	378.652561	3.273502	7	0	0	0	0
10.472637	100	378.714345	3.272968	4	0	0	0	0
10.465382	101	378.776128	3.272434	4	0	0	0	0
13.072671	102	378.837911	3.271901	5	0	0	0	0
18.289075	103	378.899694	3.271367	7	0	0	0	0
13.05459	104	378.961477	3.270834	5	0	0	0	0
10.436453	105	379.02326	3.270301	4	0	0	0	0
13.036553	106	379.085043	3.269768	5	0	0	0	0
13.027551	107	379.146827	3.269235	5	0	0	0	0
13.01856	108	379.20861	3.268702	5	0	0	0	0
10.407664	109	379.270393	3.26817	4	0	0	0	0
15.600732	110	379.332176	3.267637	6	0	0	0	0
10.393321	111	379.393959	3.267105	4	0	0	0	0
18.175786	112	379.455742	3.266573	7	0	0	0	0
10.379014	113	379.517526	3.266042	4	0	0	0	0
10.371874	114	379.579309	3.26551	4	0	0	0	0
12.955927	115	379.641092	3.264978	5	0	0	0	0
7.768214	116	379.702875	3.264447	3	0	0	0	0
5.175252	117	379.764658	3.263916	2	0	0	0	0
5.171699	118	379.826441	3.263385	2	0	0	0	0
10.3363	119	379.888224	3.262854	4	0	0	0	0
18.07612	120	379.950008	3.262324	7	0	0	0	0
7.741598	121	380.011791	3.261794	3	0	0	0	0
10.31506	122	380.073574	3.261263	4	0	0	0	0
12.884996	123	380.135357	3.260733	5	0	0	0	0
2.575235	124	380.19714	3.260203	1	0	0	0	0
10.293896	125	380.258923	3.259674	4	0	0	0	0
7.715144	126	380.320706	3.259144	3	0	0	0	0
12.849787	127	380.38249	3.258615	5	0	0	0	0
10.272809	128	380.444273	3.258086	4	0	0	0	0
10.265797	129	380.506056	3.257557	4	0	0	0	0
12.823492	130	380.567839	3.257028	5	0	0	0	0
15.377698	131	380.629622	3.256499	6	0	0	0	0
7.683609	132	380.691405	3.255971	3	0	0	0	0
10.237833	133	380.753188	3.255442	4	0	0	0	0
7.673148	134	380.814972	3.254914	3	0	0	0	0
5.111951	135	380.876755	3.254386	2	0	0	0	0
10.216949	136	380.938538	3.253858	4	0	0	0	0
15.315007	137	381.000321	3.253331	6	0	0	0	0
10.203068	138	381.062104	3.252803	4	0	0	0	0
7.647105	139	381.123887	3.252276	3	0	0	0	0
2.547305	140	381.18567	3.251749	1	0	0	0	0
7.636732	141	381.247454	3.251222	3	0	0	0	0
2.543852	142	381.309237	3.250695	1	0	0	0	0
15.252768	143	381.37102	3.250168	6	0	0	0	0
10.161626	144	381.432803	3.249642	4	0	0	0	0
7.616061	145	381.494586	3.249116	3	0	0	0	0
7.610908	146	381.556369	3.248589	3	0	0	0	0
5.070508	147	381.618152	3.248064	2	0	0	0	0
0	148	381.679936	3.247538	0	0	0	0	0
0	149	381.741719	3.247012	0	0	0	0	0
2.53012	150	381.803502	3.246487	1	0	0	0	0
7.585239	151	381.865285	3.245961	3	0	0	0	0
10.106831	152	381.927068	3.245436	4	0	0	0	0
10.100019	153	381.988851	3.244911	4	0	0	0	0
10.093215	154	382.050634	3.244387	4	0	0	0	0
7.564814	155	382.112418	3.243862	3	0	0	0	0
5.039815	156	382.174201	3.243338	2	0	0	0	0
5.036426	157	382.235984	3.242813	2	0	0	0	0
5.03304	158	382.297767	3.242289	2	0	0	0	0
7.544487	159	382.35955	3.241766	3	0	0	0	0
10.05256	160	382.421333	3.241242	4	0	0	0	0
7.53436	161	382.483116	3.240718	3	0	0	0	0
0	162	382.5449	3.240195	0	0	0	0	0
5.016171	163	382.606683	3.239672	2	0	0	0	0
0	164	382.668466	3.239149	0	0	0	0	0
7.514178	165	382.730249	3.238626	3	0	0	0	0
10.012196	166	382.792032	3.238103	4	0	0	0	0
12.506871	167	382.853815	3.23758	5	0	0	0	0
4.999403	168	382.915598	3.237058	2	0	0	0	0
4.996061	169	382.977382	3.236536	2	0	0	0	0
4.992724	170	383.039165	3.236014	2	0	0	0	0
-2.494695	171	383.100948	3.235492	-1	0	0	0	0
7.47909	172	383.162731	3.23497	3	0	0	0	0
9.965469	173	383.224514	3.234449	4	0	0	0	0
14.938238	174	383.286297	3.233927	6	0	0	0	0
7.464142	175	383.34808	3.233406	3	0	0	0	0
4.972781	176	383.409864	3.232885	2	0	0	0	0
9.938942	177	383.471647	3.232364	4	0	0	0	0
12.415412	178	383.53343	3.231843	5	0	0	0	0
9.925725	179	383.595213	3.231323	4	0	0	0	0
7.439347	180	383.656996	3.230803	3	0	0	0	0
2.478135	181	383.718779	3.230282	1	0	0	0	0
7.42947	182	383.780562	3.229762	3	0	0	0	0
2.474847	183	383.842346	3.229242	1	0	0	0	0
7.419616	184	383.904129	3.228723	3	0	0	0	0
7.414698	185	383.965912	3.228203	3	0	0	0	0
7.409786	186	384.027695	3.227684	3	0	0	0	0
7.40488	187	384.089478	3.227165	3	0	0	0	0
9.866639	188	384.151261	3.226646	4	0	0	0	0
7.395084	189	384.213044	3.226127	3	0	0	0	0
12.316993	190	384.274828	3.225608	5	0	0	0	0
4.923542	191	384.336611	3.22509	2	0	0	0	0
4.92029	192	384.398394	3.224571	2	0	0	0	0
7.375563	193	384.460177	3.224053	3	0	0	0	0
12.284496	194	384.52196	3.223535	5	0	0	0	0
7.365837	195	384.583743	3.223017	3	0	0	0	0
7.360983	196	384.645526	3.222499	3	0	0	0	0
4.90409	197	384.70731	3.221982	2	0	0	0	0
2.45043	198	384.769093	3.221465	1	0	0	0	0
9.795272	199	384.830876	3.220947	4	0	0	0	0
9.78883	200	384.892659	3.22043	4	0	0	0	0
7.336797	201	384.954442	3.219913	3	0	0	0	0
7.331977	202	385.016225	3.219397	3	0	0	0	0
7.327163	203	385.078008	3.21888	3	0	0	0	0
9.763138	204	385.139792	3.218364	4	0	0	0	0
9.756734	205	385.201575	3.217848	4	0	0	0	0
9.750338	206	385.263358	3.217332	4	0	0	0	0
4.871974	207	385.325141	3.216816	2	0	0	0	0
12.171959	208	385.386924	3.2163	5	0	0	0	0
4.865597	209	385.448707	3.215785	2	0	0	0	0
12.156034	210	385.51049	3.215269	5	0	0	0	0
9.718468	211	385.572274	3.214754	4	0	0	0	0
4.856058	212	385.634057	3.214239	2	0	0	0	0
4.852886	213	385.69584	3.213724	2	0	0	0	0
4.849718	214	385.757623	3.213209	2	0	0	0	0
4.846553	215	385.819406	3.212695	2	0	0	0	0
0	216	385.881189	3.21218	0	0	0	0	0
4.840235	217	385.942972	3.211666	2	0	0	0	0
9.674164	218	386.004756	3.211152	4	0	0	0	0
7.250898	219	386.066539	3.210638	3	0	0	0	0
4.830786	220	386.128322	3.210125	2	0	0	0	0
7.241465	221	386.190105	3.209611	3	0	0	0	0
2.412252	222	386.251888	3.209098	1	0	0	0	0
2.410685	223	386.313671	3.208584	1	0	0	0	0
-2.409119	224	386.375454	3.208071	-1	0	0	0	0
4.815111	225	386.437238	3.207558	2	0	0	0	0
9.623974	226	386.499021	3.207046	4	0	0	0	0
9.617733	227	386.560804	3.206533	4	0	0	0	0
7.208625	228	386.622587	3.206021	3	0	0	0	0
7.203955	229	386.68437	3.205508	3	0	0	0	0
2.399764	230	386.746153	3.204996	1	0	0	0	0
9.592843	231	386.807937	3.204484	4	0	0	0	0
-2.39666	232	386.86972	3.203973	-1	0	0	0	0
2.39511	233	386.931503	3.203461	1	0	0	0	0
7.180689	234	386.993286	3.20295	3	0	0	0	0
2.392017	235	387.055069	3.202438	1	0	0	0	0
2.390474	236	387.116852	3.201927	1	0	0	0	0
0	237	387.178635	3.201416	0	0	0	0	0
9.549565	238	387.240419	3.200906	4	0	0	0	0
4.771706	239	387.302202	3.200395	2	0	0	0	0
7.152948	240	387.363985	3.199884	3	0	0	0	0
4.765562	241	387.425768	3.199374	2	0	0	0	0
9.524993	242	387.487551	3.198864	4	0	0	0	0
7.139151	243	387.549334	3.198354	3	0	0	0	0
-2.378187	244	387.611117	3.197844	-1	0	0	0	0
4.753319	245	387.672901	3.197335	2	0	0	0	0
11.875668	246	387.734684	3.196825	5	0	0	0	0
4.747219	247	387.796467	3.196316	2	0	0	0	0
7.116261	248	387.85825	3.195807	3	0	0	0	0
2.370566	249	387.920033	3.195298	1	0	0	0	0
4.738095	250	387.981816	3.194789	2	0	0	0	0
4.735061	251	388.043599	3.19428	2	0	0	0	0
2.366015	252	388.105383	3.193772	1	0	0	0	0
4.729003	253	388.167166	3.193263	2	0	0	0	0
4.72598	254	388.228949	3.192755	2	0	0	0	0
0	255	388.290732	3.192247	0	0	0	0	0
4.719943	256	388.352515	3.191739	2	0	0	0	0
7.075394	257	388.414298	3.191232	3	0	0	0	0
9.42784	258	388.476081	3.190724	4	0	0	0	0
0	259	388.537865	3.190217	0	0	0	0	0
4.707911	260	388.599648	3.18971	2	0	0	0	0
4.704912	261	388.661431	3.189202	2	0	0	0	0
2.350958	262	388.723214	3.188696	1	0	0	0	0
7.048386	263	388.784997	3.188189	3	0	0	0	0
4.695935	264	388.84678	3.187682	2	0	0	0	0
0	265	388.908563	3.187176	0	0	0	0	0
4.689968	266	388.970347	3.18667	2	0	0	0	0
7.030485	267	389.03213	3.186164	3	0	0	0	0
2.342007	268	389.093913	3.185658	1	0	0	0	0
2.340522	269	389.155696	3.185152	1	0	0	0	0
2.339038	270	389.217479	3.184646	1	0	0	0	0
0	271	389.279262	3.184141	0	0	0	0	0
-4.672149	272	389.341045	3.183636	-2	0	0	0	0
2.334596	273	389.402829	3.18313	1	0	0	0	0
4.666237	274	389.464612	3.182625	2	0	0	0	0
2.331643	275	389.526395	3.182121	1	0	0	0	0
6.990507	276	389.588178	3.181616	3	0	0	0	0
0	277	389.649961	3.181112	0	0	0	0	0
4.654453	278	389.711744	3.180607	2	0	0	0	0
4.651516	279	389.773527	3.180103	2	0	0	0	0
4.648582	280	389.835311	3.179599	2	0	0	0	0
6.968477	281	389.897094	3.179095	3	0	0	0	0
4.642724	282	389.958877	3.178592	2	0	0	0	0
2.3199	283	390.02066	3.178088	1	0	0	0	0
6.955319	284	390.082443	3.177585	3	0	0	0	0
0	285	390.144226	3.177081	0	0	0	0	0
6.946573	286	390.206009	3.176578	3	0	0	0	0
0	287	390.267793	3.176076	0	0	0	0	0
0	288	390.329576	3.175573	0	0	0	0	0
-2.311163	289	390.391359	3.17507	-1	0	0	0	0
6.92914	290	390.453142	3.174568	3	0	0	0	0
4.616529	291	390.514925	3.174066	2	0	0	0	0
0	292	390.576708	3.173564	0	0	0	0	0
2.305373	293	390.638491	3.173062	1	0	0	0	0
4.607858	294	390.700275	3.17256	2	0	0	0	0
2.302487	295	390.762058	3.172058	1	0	0	0	0
2.301047	296	390.823841	3.171557	1	0	0	0	0
0	297	390.885624	3.171055	0	0	0	0	0
4.596342	298	390.947407	3.170554	2	0	0	0	0
0	299	391.00919	3.170053	0	0	0	0	0
6.885907	300	391.070973	3.169553	3	0	0	0	0
2.29387	301	391.132757	3.169052	1	0	0	0	0
4.58488	302	391.19454	3.168551	2	0	0	0	0
4.582022	303	391.256323	3.168051	2	0	0	0	0
6.868752	304	391.318106	3.167551	3	0	0	0	0
6.864475	305	391.379889	3.167051	3	0	0	0	0
2.286735	306	391.441672	3.166551	1	0	0	0	0
2.285312	307	391.503455	3.166051	1	0	0	0	0
9.135567	308	391.565239	3.165552	4	0	0	0	0
2.282473	309	391.627022	3.165052	1	0	0	0	0
2.281055	310	391.688805	3.164553	1	0	0	0	0
4.559279	311	391.750588	3.164054	2	0	0	0	0
0	312	391.812371	3.163555	0	0	0	0	0
2.276813	313	391.874154	3.163056	1	0	0	0	0
-2.275402	314	391.935937	3.162558	-1	0	0	0	0
4.547986	315	391.997721	3.162059	2	0	0	0	0
-4.545171	316	392.059504	3.161561	-2	0	0	0	0
2.271179	317	392.121287	3.161063	1	0	0	0	0
2.269775	318	392.18307	3.160565	1	0	0	0	0
2.268372	319	392.244853	3.160067	1	0	0	0	0
4.533941	320	392.306636	3.159569	2	0	0	0	0
2.265571	321	392.368419	3.159072	1	0	0	0	0
4.528346	322	392.430203	3.158574	2	0	0	0	0
2.262776	323	392.491986	3.158077	1	0	0	0	0
-4.522763	324	392.553769	3.15758	-2	0	0	0	0
-2.259988	325	392.615552	3.157083	-1	0	0	0	0
4.517193	326	392.677335	3.156587	2	0	0	0	0
13.543238	327	392.739118	3.15609	6	0	0	0	0
4.511636	328	392.800901	3.155594	2	0	0	0	0
6.763292	329	392.862685	3.155097	3	0	0	0	0
2.253045	330	392.924468	3.154601	1	0	0	0	0
4.503323	331	392.986251	3.154105	2	0	0	0	0
4.500559	332	393.048034	3.153609	2	0	0	0	0
4.497797	333	393.109817	3.153114	2	0	0	0	0
-2.24752	334	393.1716	3.152618	-1	0	0	0	0
2.246142	335	393.233383	3.152123	1	0	0	0	0
2.244766	336	393.295167	3.151628	1	0	0	0	0
2.243392	337	393.35695	3.151133	1	0	0	0	0
2.242019	338	393.418733	3.150638	1	0	0	0	0
2.240647	339	393.480516	3.150143	1	0	0	0	0
4.478555	340	393.542299	3.149649	2	0	0	0	0
2.237909	341	393.604082	3.149154	1	0	0	0	0
2.236543	342	393.665866	3.14866	1	0	0	0	0
2.235178	343	393.727649	3.148166	1	0	0	0	0
4.467628	344	393.789432	3.147672	2	0	0	0	0
2.232452	345	393.851215	3.147178	1	0	0	0	0
6.693275	346	393.912998	3.146685	3	0	0	0	0
2.229733	347	393.974781	3.146191	1	0	0	0	0
-2.228375	348	394.036564	3.145698	-1	0	0	0	0
2.22702	349	394.098348	3.145205	1	0	0	0	0
2.225665	350	394.160131	3.144712	1	0	0	0	0
-6.672937	351	394.221914	3.144219	-3	0	0	0	0
4.445922	352	394.283697	3.143726	2	0	0	0	0
4.443223	353	394.34548	3.143234	2	0	0	0	0
2.220263	354	394.407263	3.142741	1	0	0	0	0
0	355	394.469046	3.142249	0	0	0	0	0
4.435143	356	394.53083	3.141757	2	0	0	0	0
-4.432455	357	394.592613	3.141265	-2	0	0	0	0
2.214886	358	394.654396	3.140773	1	0	0	0	0
4.42709	359	394.716179	3.140282	2	0	0	0	0
6.636617	360	394.777962	3.13979	3	0	0	0	0
8.843473	361	394.839745	3.139299	4	0	0	0	0
6.628596	362	394.901528	3.138808	3	0	0	0	0
11.040988	363	394.963312	3.138317	5	0	0	0	0
6.620593	364	395.025095	3.137826	3	0	0	0	0
11.027664	365	395.086878	3.137335	5	0	0	0	0
11.021014	366	395.148661	3.136845	5	0	0	0	0
11.014371	367	395.210444	3.136354	5	0	0	0	0
11.007736	368	395.272227	3.135864	5	0	0	0	0
15.401551	369	395.33401	3.135374	7	0	0	0	0
17.59118	370	395.395794	3.134884	8	0	0	0	0
17.580599	371	395.457577	3.134394	8	0	0	0	0
17.57003	372	395.51936	3.133905	8	0	0	0	0
19.754407	373	395.581143	3.133415	9	0	0	0	0
19.742543	374	395.642926	3.132926	9	0	0	0	0
21.922993	375	395.704709	3.132437	10	0	0	0	0
26.291809	376	395.766492	3.131948	12	0	0	0	0
17.517363	377	395.828276	3.131459	8	0	0	0	0
26.260297	378	395.890059	3.13097	12	0	0	0	0
24.057521	379	395.951842	3.130482	11	0	0	0	0
28.414595	380	396.013625	3.129993	13	0	0	0	0
28.397593	381	396.075408	3.129505	13	0	0	0	0
28.38061	382	396.137191	3.129017	13	0	0	0	0
32.727284	383	396.198974	3.128529	15	0	0	0	0
34.888248	384	396.260758	3.128041	16	0	0	0	0
30.50899	385	396.322541	3.127554	14	0	0	0	0
32.668696	386	396.384324	3.127066	15	0	0	0	0
32.64921	387	396.446107	3.126579	15	0	0	0	0
34.805062	388	396.50789	3.126092	16	0	0	0	0
34.784324	389	396.569673	3.125605	16	0	0	0	0
36.936334	390	396.631456	3.125118	17	0	0	0	0
41.257214	391	396.69324	3.124631	19	0	0	0	0
36.892389	392	396.755023	3.124144	17	0	0	0	0
43.377003	393	396.816806	3.123658	20	0	0	0	0
43.351225	394	396.878589	3.123172	20	0	0	0	0
36.826654	395	396.940372	3.122686	17	0	0	0	0
41.134767	396	397.002155	3.1222	19	0	0	0	0
41.11036	397	397.063938	3.121714	19	0	0	0	0
45.41082	398	397.125722	3.121228	21	0	0	0	0
49.70618	399	397.187505	3.120743	23	0	0	0	0
53.99645	400	397.249288	3.120257	25	0	0	0	0
51.805899	401	397.311071	3.119772	24	0	0	0	0
53.932542	402	397.372854	3.119287	25	0	0	0	0
56.056668	403	397.434637	3.118802	26	0	0	0	0
56.023529	404	397.49642	3.118317	26	0	0	0	0
62.45086	405	397.558204	3.117833	29	0	0	0	0
64.566186	406	397.619987	3.117348	30	0	0	0	0
62.37714	407	397.68177	3.116864	29	0	0	0	0
60.190675	408	397.743553	3.11638	28	0	0	0	0
66.600384	409	397.805336	3.115896	31	0	0	0	0
79.443936	410	397.867119	3.115412	37	0	0	0	0
75.105405	411	397.928902	3.114928	35	0	0	0	0
68.627375	412	397.990686	3.114445	32	0	0	0	0
77.16037	413	398.052469	3.113961	36	0	0	0	0
74.972911	414	398.114252	3.113478	35	0	0	0	0
77.069668	415	398.176035	3.112995	36	0	0	0	0
77.024393	416	398.237818	3.112512	36	0	0	0	0
79.117478	417	398.299601	3.112029	37	0	0	0	0
83.345159	418	398.361384	3.111547	39	0	0	0	0
83.296275	419	398.423168	3.111064	39	0	0	0	0
91.785644	420	398.484951	3.110582	43	0	0	0	0
81.065369	421	398.546734	3.1101	38	0	0	0	0
89.546096	422	398.608517	3.109617	42	0	0	0	0
89.493685	423	398.6703	3.109136	42	0	0	0	0
83.052665	424	398.732083	3.108654	39	0	0	0	0
89.389036	425	398.793866	3.108172	42	0	0	0	0
82.955599	426	398.85565	3.107691	39	0	0	0	0
85.032972	427	398.917433	3.107209	40	0	0	0	0
93.481666	428	398.979216	3.106728	44	0	0	0	0
89.180436	429	399.040999	3.106247	42	0	0	0	0
89.12843	430	399.102782	3.105766	42	0	0	0	0
95.439088	431	399.164565	3.105286	45	0	0	0	0
89.024592	432	399.226348	3.104805	42	0	0	0	0
95.327956	433	399.288132	3.104325	45	0	0	0	0
95.272483	434	399.349915	3.103844	45	0	0	0	0
95.217071	435	399.411698	3.103364	45	0	0	0	0
88.817605	436	399.473481	3.102884	42	0	0	0	0
88.766002	437	399.535264	3.102404	42	0	0	0	0
90.826704	438	399.597047	3.101925	43	0	0	0	0
92.885012	439	399.65883	3.101445	44	0	0	0	0
90.721332	440	399.720614	3.100966	43	0	0	0	0
86.451583	441	399.782397	3.100487	41	0	0	0	0
82.18678	442	399.84418	3.100008	39	0	0	0	0
84.245312	443	399.905963	3.099529	40	0	0	0	0
86.301459	444	399.967746	3.09905	41	0	0	0	0
84.147833	445	400.029529	3.098571	40	0	0	0	0
77.791735	446	400.091312	3.098093	37	0	0	0	0
81.949304	447	400.153096	3.097614	39	0	0	0	0
73.501765	448	400.214879	3.097136	35	0	0	0	0
75.558167	449	400.276662	3.096658	36	0	0	0	0
71.319313	450	400.338445	3.09618	34	0	0	0	0
83.856683	451	400.400228	3.095703	40	0	0	0	0
73.332302	452	400.462011	3.095225	35	0	0	0	0
69.102051	453	400.523794	3.094747	33	0	0	0	0
66.969464	454	400.585578	3.09427	32	0	0	0	0
71.114105	455	400.647361	3.093793	34	0	0	0	0
62.711646	456	400.709144	3.093316	30	0	0	0	0
66.853965	457	400.770927	3.092839	32	0	0	0	0
60.551593	458	400.83271	3.092362	29	0	0	0	0
66.777178	459	400.894493	3.091886	32	0	0	0	0
60.482081	460	400.956277	3.091409	29	0	0	0	0
58.36299	461	401.01806	3.090933	28	0	0	0	0
60.412722	462	401.079843	3.090457	29	0	0	0	0
58.296096	463	401.141626	3.089981	28	0	0	0	0
52.020272	464	401.203409	3.089505	25	0	0	0	0
49.910872	465	401.265192	3.089029	24	0	0	0	0
47.803884	466	401.326975	3.088554	23	0	0	0	0
43.622063	467	401.388759	3.088079	21	0	0	0	0
45.673183	468	401.450542	3.087603	22	0	0	0	0
37.34762	469	401.512325	3.087128	18	0	0	0	0
39.399978	470	401.574108	3.086653	19	0	0	0	0
33.159995	471	401.635891	3.086178	16	0	0	0	0
22.784493	472	401.697674	3.085704	11	0	0	0	0
20.701368	473	401.759457	3.085229	10	0	0	0	0
24.827487	474	401.821241	3.084755	12	0	0	0	0
20.677791	475	401.883024	3.084281	10	0	0	0	0
14.466215	476	401.944807	3.083806	7	0	0	0	0
14.457986	477	402.00659	3.083333	7	0	0	0	0
14.449765	478	402.068373	3.082859	7	0	0	0	0
12.378475	479	402.130156	3.082385	6	0	0	0	0
12.371444	480	402.191939	3.081912	6	0	0	0	0
10.303685	481	402.253723	3.081438	5	0	0	0	0
6.178703	482	402.315506	3.080965	3	0	0	0	0
6.175199	483	402.377289	3.080492	3	0	0	0	0
-4.114466	484	402.439072	3.080019	-2	0	0	0	0
2.056068	485	402.500855	3.079546	1	0	0	0	0
2.054904	486	402.562638	3.079074	1	0	0	0	0
4.107482	487	402.624421	3.078601	2	0	0	0	0
4.105159	488	402.686205	3.078129	2	0	0	0	0
-2.051419	489	402.747988	3.077657	-1	0	0	0	0
2.05026	490	402.809771	3.077185	1	0	0	0	0
8.19641	491	402.871554	3.076713	4	0	0	0	0
0	492	402.933337	3.076241	0	0	0	0	0
-2.046791	493	402.99512	3.075769	-1	0	0	0	0
4.091274	494	403.056903	3.075298	2	0	0	0	0
2.044484	495	403.118687	3.074826	1	0	0	0	0
4.086666	496	403.18047	3.074355	2	0	0	0	0
2.042183	497	403.242253	3.073884	1	0	0	0	0
2.041034	498	403.304036	3.073413	1	0	0	0	0
-2.039886	499	403.365819	3.072943	-1	0	0	0	0
4.07748	500	403.427602	3.072472	2	0	0	0	0
-2.037595	501	403.489385	3.072002	-1	0	0	0	0
-2.036451	502	403.551169	3.071531	-1	0	0	0	0
6.105925	503	403.612952	3.071061	3	0	0	0	0
0	504	403.674735	3.070591	0	0	0	0	0
2.033027	505	403.736518	3.070121	1	0	0	0	0
2.031888	506	403.798301	3.069651	1	0	0	0	0
0	507	403.860084	3.069182	0	0	0	0	0
6.088842	508	403.921867	3.068712	3	0	0	0	0
-2.028479	509	403.983651	3.068243	-1	0	0	0	0
0	510	404.045434	3.067774	0	0	0	0	0
4.052424	511	404.107217	3.067305	2	0	0	0	0
0	512	404.169	3.066836	0	0	0	0	0
-2.02395	513	404.230783	3.066367	-1	0	0	0	0
2.022821	514	404.292566	3.065899	1	0	0	0	0
2.021694	515	404.354349	3.06543	1	0	0	0	0
-4.041134	516	404.416133	3.064962	-2	0	0	0	0
4.038884	517	404.477916	3.064494	2	0	0	0	0
-4.036636	518	404.539699	3.064026	-2	0	0	0	0
6.051585	519	404.601482	3.063558	3	0	0	0	0
-2.016073	520	404.663265	3.06309	-1	0	0	0	0
0	521	404.725048	3.062622	0	0	0	0	0
-2.013834	522	404.786831	3.062155	-1	0	0	0	0
2.012716	523	404.848615	3.061688	1	0	0	0	0
0	524	404.910398	3.06122	0	0	0	0	0
2.010483	525	404.972181	3.060753	1	0	0	0	0
-4.018738	526	405.033964	3.060287	-2	0	0	0	0
4.016512	527	405.095747	3.05982	2	0	0	0	0
-2.007144	528	405.15753	3.059353	-1	0	0	0	0
4.012067	529	405.219313	3.058887	2	0	0	0	0
0	530	405.281097	3.05842	0	0	0	0	0
0	531	405.34288	3.057954	0	0	0	0	0
4.005417	532	405.404663	3.057488	2	0	0	0	0
-2.001603	533	405.466446	3.057022	-1	0	0	0	0
0	534	405.528229	3.056557	0	0	0	0	0
0	535	405.590012	3.056091	0	0	0	0	0
0	536	405.651795	3.055626	0	0	0	0	0
-3.994382	537	405.713579	3.05516	-2	0	0	0	0
0	538	405.775362	3.054695	0	0	0	0	0
-1.994992	539	405.837145	3.05423	-1	0	0	0	0
-1.993895	540	405.898928	3.053765	-1	0	0	0	0
3.985597	541	405.960711	3.0533	2	0	0	0	0
3.983407	542	406.022494	3.052836	2	0	0	0	0
0	543	406.084277	3.052371	0	0	0	0	0
0	544	406.146061	3.051907	0	0	0	0	0
-5.965275	545	406.207844	3.051443	-3	0	0	0	0
1.987335	546	406.269627	3.050979	1	0	0	0	0
0	547	406.33141	3.050515	0	0	0	0	0
1.985157	548	406.393193	3.050051	1	0	0	0	0
-5.952211	549	406.454976	3.049587	-3	0	0	0	0
1.982985	550	406.516759	3.049124	1	0	0	0	0
-1.9819	551	406.578543	3.048661	-1	0	0	0	0
-1.980817	552	406.640326	3.048197	-1	0	0	0	0
1.979735	553	406.702109	3.047734	1	0	0	0	0
1.978654	554	406.763892	3.047271	1	0	0	0	0
-3.955148	555	406.825675	3.046809	-2	0	0	0	0
-1.976495	556	406.887458	3.046346	-1	0	0	0	0
-1.975418	557	406.949241	3.045884	-1	0	0	0	0
3.948683	558	407.011025	3.045421	2	0	0	0	0
3.946532	559	407.072808	3.044959	2	0	0	0	0
-3.944384	560	407.134591	3.044497	-2	0	0	0	0
-3.942239	561	407.196374	3.044035	-2	0	0	0	0
1.970048	562	407.258157	3.043573	1	0	0	0	0
0	563	407.31994	3.043112	0	0	0	0	0
5.903723	564	407.381723	3.04265	3	0	0	0	0
-5.900518	565	407.443507	3.042189	-3	0	0	0	0
-3.931545	566	407.50529	3.041727	-2	0	0	0	0
0	567	407.567073	3.041266	0	0	0	0	0
1.963642	568	407.628856	3.040805	1	0	0	0	0
-1.962578	569	407.690639	3.040345	-1	0	0	0	0
1.961515	570	407.752422	3.039884	1	0	0	0	0
1.960454	571	407.814206	3.039423	1	0	0	0	0
0	572	407.875989	3.038963	0	0	0	0	0
-7.833339	573	407.937772	3.038503	-4	0	0	0	0
1.957277	574	407.999555	3.038043	1	0	0	0	0
0	575	408.061338	3.037583	0	0	0	0	0
3.910329	576	408.123121	3.037123	2	0	0	0	0
-1.95411	577	408.184904	3.036663	-1	0	0	0	0
1.953057	578	408.246688	3.036203	1	0	0	0	0
0	579	408.308471	3.035744	0	0	0	0	0
-1.950953	580	408.370254	3.035285	-1	0	0	0	0
1.949903	581	408.432037	3.034826	1	0	0	0	0
0	582	408.49382	3.034367	0	0	0	0	0
3.895613	583	408.555603	3.033908	2	0	0	0	0
5.84028	584	408.617386	3.033449	3	0	0	0	0
0	585	408.67917	3.03299	0	0	0	0	0
-1.94467	586	408.740953	3.032532	-1	0	0	0	0
0	587	408.802736	3.032074	0	0	0	0	0
0	588	408.864519	3.031615	0	0	0	0	0
-1.941544	589	408.926302	3.031157	-1	0	0	0	0
-1.940504	590	408.988085	3.0307	-1	0	0	0	0
3.878931	591	409.049868	3.030242	2	0	0	0	0
-1.938428	592	409.111652	3.029784	-1	0	0	0	0
1.937391	593	409.173435	3.029327	1	0	0	0	0
-1.936356	594	409.235218	3.028869	-1	0	0	0	0
-1.935321	595	409.297001	3.028412	-1	0	0	0	0
0	596	409.358784	3.027955	0	0	0	0	0
-3.866512	597	409.420567	3.027498	-2	0	0	0	0
-3.86445	598	409.48235	3.027041	-2	0	0	0	0
-5.793586	599	409.544134	3.026585	-3	0	0	0	0
0	600	409.605917	3.026128	0	0	0	0	0
-5.787417	601	409.6677	3.025672	-3	0	0	0	0
3.856225	602	409.729483	3.025216	2	0	0	0	0
-5.781261	603	409.791266	3.024759	-3	0	0	0	0
0	604	409.853049	3.024303	0	0	0	0	0
-1.925039	605	409.914832	3.023848	-1	0	0	0	0
1.924017	606	409.976616	3.023392	1	0	0	0	0
-1.922996	607	410.038399	3.022936	-1	0	0	0	0
1.921976	608	410.100182	3.022481	1	0	0	0	0
-3.841914	609	410.161965	3.022026	-2	0	0	0	0
-1.919939	610	410.223748	3.021571	-1	0	0	0	0
1.918923	611	410.285531	3.021116	1	0	0	0	0
5.753721	612	410.347314	3.020661	3	0	0	0	0
-3.833785	613	410.409098	3.020206	-2	0	0	0	0
1.915879	614	410.470881	3.019751	1	0	0	0	0
5.7446	615	410.532664	3.019297	3	0	0	0	0
1.913855	616	410.594447	3.018843	1	0	0	0	0
0	617	410.65623	3.018388	0	0	0	0	0
1.911836	618	410.718013	3.017934	1	0	0	0	0
5.732484	619	410.779796	3.01748	3	0	0	0	0
0	620	410.84158	3.017027	0	0	0	0	0
-1.908815	621	410.903363	3.016573	-1	0	0	0	0
-1.90781	622	410.965146	3.01612	-1	0	0	0	0
1.906807	623	411.026929	3.015666	1	0	0	0	0
-3.811608	624	411.088712	3.015213	-2	0	0	0	0
3.809605	625	411.150495	3.01476	2	0	0	0	0
1.903802	626	411.212278	3.014307	1	0	0	0	0
-7.611209	627	411.274062	3.013854	-4	0	0	0	0
-1.901804	628	411.335845	3.013401	-1	0	0	0	0
-3.801613	629	411.397628	3.012949	-2	0	0	0	0
0	630	411.459411	3.012496	0	0	0	0	0
1.898815	631	411.521194	3.012044	1	0	0	0	0
0	632	411.582977	3.011592	0	0	0	0	0
-1.896828	633	411.64476	3.01114	-1	0	0	0	0
5.687507	634	411.706544	3.010688	3	0	0	0	0
1.894845	635	411.768327	3.010236	1	0	0	0	0
0	636	411.83011	3.009785	0	0	0	0	0
0	637	411.891893	3.009333	0	0	0	0	0
1.891878	638	411.953676	3.008882	1	0	0	0	0
-5.672674	639	412.015459	3.008431	-3	0	0	0	0
1.889906	640	412.077242	3.00798	1	0	0	0	0
-1.888921	641	412.139026	3.007529	-1	0	0	0	0
1.887937	642	412.200809	3.007078	1	0	0	0	0
0	643	412.262592	3.006627	0	0	0	0	0
0	644	412.324375	3.006177	0	0	0	0	0
-3.769986	645	412.386158	3.005726	-2	0	0	0	0
1.884013	646	412.447941	3.005276	1	0	0	0	0
-1.883035	647	412.509724	3.004826	-1	0	0	0	0
-1.882058	648	412.571508	3.004376	-1	0	0	0	0
-5.643244	649	412.633291	3.003926	-3	0	0	0	0
3.760212	650	412.695074	3.003477	2	0	0	0	0
0	651	412.756857	3.003027	0	0	0	0	0
-1.878159	652	412.81864	3.002578	-1	0	0	0	0
1.877187	653	412.880423	3.002128	1	0	0	0	0
-1.876215	654	412.942206	3.001679	-1	0	0	0	0
1.875245	655	413.00399	3.00123	1	0	0	0	0
-1.874276	656	413.065773	3.000781	-1	0	0	0	0
0	657	413.127556	3.000332	0	0	0	0	0
-3.744682	658	413.189339	2.999884	-2	0	0	0	0
-1.871375	659	413.251122	2.999435	-1	0	0	0	0
-1.87041	660	413.312905	2.998987	-1	0	0	0	0
1.869446	661	413.374688	2.998539	1	0	0	0	0
1.868483	662	413.436472	2.998091	1	0	0	0	0
1.867521	663	413.498255	2.997643	1	0	0	0	0
0	664	413.560038	2.997195	0	0	0	0	0
-1.865601	665	413.621821	2.996747	-1	0	0	0	0
-1.864642	666	413.683604	2.9963	-1	0	0	0	0
3.727368	667	413.745387	2.995852	2	0	0	0	0
0	668	413.80717	2.995405	0	0	0	0	0
-1.861771	669	413.868954	2.994958	-1	0	0	0	0
-1.860817	670	413.930737	2.994511	-1	0	0	0	0
0	671	413.99252	2.994064	0	0	0	0	0
1.85891	672	414.054303	2.993617	1	0	0	0	0
-1.857958	673	414.116086	2.99317	-1	0	0	0	0
1.857008	674	414.177869	2.992724	1	0	0	0	0
1.856058	675	414.239652	2.992278	1	0	0	0	0
1.855109	676	414.301436	2.991831	1	0	0	0	0
0	677	414.363219	2.991385	0	0	0	0	0
1.853215	678	414.425002	2.990939	1	0	0	0	0
1.852269	679	414.486785	2.990493	1	0	0	0	0
1.851324	680	414.548568	2.990048	1	0	0	0	0
-1.850381	681	414.610351	2.989602	-1	0	0	0	0
-3.698876	682	414.672134	2.989157	-2	0	0	0	0
-1.848496	683	414.733918	2.988711	-1	0	0	0	0
0	684	414.795701	2.988266	0	0	0	0	0
-1.846616	685	414.857484	2.987821	-1	0	0	0	0
7.382708	686	414.919267	2.987376	4	0	0	0	0
3.689479	687	414.98105	2.986932	2	0	0	0	0
-1.843803	688	415.042833	2.986487	-1	0	0	0	0
0	689	415.104617	2.986042	0	0	0	0	0
0	690	415.1664	2.985598	0	0	0	0	0
3.681996	691	415.228183	2.985154	2	0	0	0	0
-1.840065	692	415.289966	2.98471	-1	0	0	0	0
-1.839134	693	415.351749	2.984266	-1	0	0	0	0
0	694	415.413532	2.983822	0	0	0	0	0
3.674546	695	415.475315	2.983378	2	0	0	0	0
-1.836344	696	415.537099	2.982935	-1	0	0	0	0
0	697	415.598882	2.982491	0	0	0	0	0
1.834489	698	415.660665	2.982048	1	0	0	0	0
0	699	415.722448	2.981605	0	0	0	0	0
0	700	415.784231	2.981162	0	0	0	0	0
0	701	415.846014	2.980719	0	0	0	0	0
5.492374	702	415.907797	2.980276	3	0	0	0	0
-5.489608	703	415.969581	2.979833	-3	0	0	0	0
-5.486845	704	416.031364	2.979391	-3	0	0	0	0
1.828028	705	416.093147	2.978948	1	0	0	0	0
1.827109	706	416.15493	2.978506	1	0	0	0	0
1.826191	707	416.216713	2.978064	1	0	0	0	0
1.825274	708	416.278496	2.977622	1	0	0	0	0
-3.648715	709	416.340279	2.97718	-2	0	0	0	0
1.823442	710	416.402063	2.976738	1	0	0	0	0
5.467584	711	416.463846	2.976297	3	0	0	0	0
0	712	416.525629	2.975855	0	0	0	0	0
3.641405	713	416.587412	2.975414	2	0	0	0	0
0	714	416.649195	2.974973	0	0	0	0	0
-1.818881	715	416.710978	2.974532	-1	0	0	0	0
1.817971	716	416.772761	2.974091	1	0	0	0	0
1.817063	717	416.834545	2.97365	1	0	0	0	0
5.448465	718	416.896328	2.973209	3	0	0	0	0
-3.630497	719	416.958111	2.972769	-2	0	0	0	0
1.814343	720	417.019894	2.972328	1	0	0	0	0
1.813438	721	417.081677	2.971888	1	0	0	0	0
3.625068	722	417.14346	2.971448	2	0	0	0	0
-1.811631	723	417.205243	2.971008	-1	0	0	0	0
1.81073	724	417.267027	2.970568	1	0	0	0	0
0	725	417.32881	2.970128	0	0	0	0	0
-1.808929	726	417.390593	2.969688	-1	0	0	0	0
5.424089	727	417.452376	2.969249	3	0	0	0	0
0	728	417.514159	2.968809	0	0	0	0	0
-1.806234	729	417.575942	2.96837	-1	0	0	0	0
-1.805338	730	417.637725	2.967931	-1	0	0	0	0
1.804443	731	417.699509	2.967492	1	0	0	0	0
-3.607098	732	417.761292	2.967053	-2	0	0	0	0
-1.802655	733	417.823075	2.966615	-1	0	0	0	0
-1.801763	734	417.884858	2.966176	-1	0	0	0	0
0	735	417.946641	2.965737	0	0	0	0	0
-1.799981	736	418.008424	2.965299	-1	0	0	0	0
0	737	418.070207	2.964861	0	0	0	0	0
5.394608	738	418.131991	2.964423	3	0	0	0	0
3.59463	739	418.193774	2.963985	2	0	0	0	0
3.592856	740	418.255557	2.963547	2	0	0	0	0
0	741	418.31734	2.963109	0	0	0	0	0
-1.794657	742	418.379123	2.962672	-1	0	0	0	0
1.793773	743	418.440906	2.962234	1	0	0	0	0
3.58578	744	418.502689	2.961797	2	0	0	0	0
5.376024	745	418.564473	2.96136	3	0	0	0	0
3.582253	746	418.626256	2.960923	2	0	0	0	0
0	747	418.688039	2.960486	0	0	0	0	0
-1.789367	748	418.749822	2.960049	-1	0	0	0	0
-3.576977	749	418.811605	2.959612	-2	0	0	0	0
0	750	418.873388	2.959176	0	0	0	0	0
1.786734	751	418.935171	2.958739	1	0	0	0	0
-3.571717	752	418.996955	2.958303	-2	0	0	0	0
3.569967	753	419.058738	2.957867	2	0	0	0	0
-3.56822	754	419.120521	2.957431	-2	0	0	0	0
1.783237	755	419.182304	2.956995	1	0	0	0	0
0	756	419.244087	2.956559	0	0	0	0	0
1.781494	757	419.30587	2.956124	1	0	0	0	0
-1.780623	758	419.367653	2.955688	-1	0	0	0	0
-3.559508	759	419.429437	2.955253	-2	0	0	0	0
-1.778886	760	419.49122	2.954818	-1	0	0	0	0
-1.778018	761	419.553003	2.954382	-1	0	0	0	0
1.777152	762	419.614786	2.953947	1	0	0	0	0
-5.328858	763	419.676569	2.953513	-3	0	0	0	0
-5.326263	764	419.738352	2.953078	-3	0	0	0	0
-5.323672	765	419.800135	2.952643	-3	0	0	0	0
-1.773694	766	419.861919	2.952209	-1	0	0	0	0
1.772832	767	419.923702	2.951774	1	0	0	0	0
-1.771971	768	419.985485	2.95134	-1	0	0	0	0
-1.771111	769	420.047268	2.950906	-1	0	0	0	0
-1.770251	770	420.109051	2.950472	-1	0	0	0	0
0	771	420.170834	2.950038	0	0	0	0	0
0	772	420.232617	2.949604	0	0	0	0	0
-8.838393	773	420.294401	2.949171	-5	0	0	0	0
-1.766823	774	420.356184	2.948737	-1	0	0	0	0
1.765968	775	420.417967	2.948304	1	0	0	0	0
0	776	420.47975	2.947871	0	0	0	0	0
-3.528521	777	420.541533	2.947438	-2	0	0	0	0
1.763409	778	420.603316	2.947005	1	0	0	0	0
1.762557	779	420.665099	2.946572	1	0	0	0	0
-1.761707	780	420.726883	2.946139	-1	0	0	0	0
-1.760857	781	420.788666	2.945707	-1	0	0	0	0
0	782	420.850449	2.945274	0	0	0	0	0
-1.759161	783	420.912232	2.944842	-1	0	0	0	0
0	784	420.974015	2.94441	0	0	0	0	0
-3.514936	785	421.035798	2.943978	-2	0	0	0	0
-1.756623	786	421.097581	2.943546	-1	0	0	0	0
-3.511557	787	421.159365	2.943114	-2	0	0	0	0
1.754935	788	421.221148	2.942682	1	0	0	0	0
-3.508185	789	421.282931	2.942251	-2	0	0	0	0
-1.753251	790	421.344714	2.941819	-1	0	0	0	0
0	791	421.406497	2.941388	0	0	0	0	0
0	792	421.46828	2.940957	0	0	0	0	0
-3.501463	793	421.530063	2.940526	-2	0	0	0	0
-3.499787	794	421.591847	2.940095	-2	0	0	0	0
0	795	421.65363	2.939664	0	0	0	0	0
-1.74822	796	421.715413	2.939233	-1	0	0	0	0
0	797	421.777196	2.938803	0	0	0	0	0
-1.74655	798	421.838979	2.938372	-1	0	0	0	0
-1.745716	799	421.900762	2.937942	-1	0	0	0	0
-6.979532	800	421.962546	2.937512	-4	0	0	0	0
-5.232153	801	422.024329	2.937082	-3	0	0	0	0
1.74322	802	422.086112	2.936652	1	0	0	0	0
0	803	422.147895	2.936222	0	0	0	0	0
-5.22468	804	422.209678	2.935792	-3	0	0	0	0
-3.481463	805	422.271461	2.935363	-2	0	0	0	0
0	806	422.333244	2.934934	0	0	0	0	0
1.739077	807	422.395028	2.934504	1	0	0	0	0
-3.476502	808	422.456811	2.934075	-2	0	0	0	0
-1.737426	809	422.518594	2.933646	-1	0	0	0	0
-5.209805	810	422.580377	2.933217	-3	0	0	0	0
0	811	422.64216	2.932788	0	0	0	0	0
-3.469911	812	422.703943	2.93236	-2	0	0	0	0
5.202402	813	422.765726	2.931931	3	0	0	0	0
-5.19994	814	422.82751	2.931503	-3	0	0	0	0
-1.732493	815	422.889293	2.931074	-1	0	0	0	0
0	816	422.951076	2.930646	0	0	0	0	0
-5.192567	817	423.012859	2.930218	-3	0	0	0	0
-1.730038	818	423.074642	2.92979	-1	0	0	0	0
0	819	423.136425	2.929363	0	0	0	0	0
-5.185218	820	423.198208	2.928935	-3	0	0	0	0
-1.727591	821	423.259992	2.928507	-1	0	0	0	0
-3.453554	822	423.321775	2.92808	-2	0	0	0	0
1.725964	823	423.383558	2.927653	1	0	0	0	0
-1.725152	824	423.445341	2.927226	-1	0	0	0	0
-5.17302	825	423.507124	2.926798	-3	0	0	0	0
1.72353	826	423.568907	2.926372	1	0	0	0	0
1.72272	827	423.63069	2.925945	1	0	0	0	0
-5.165732	828	423.692474	2.925518	-3	0	0	0	0
-1.721103	829	423.754257	2.925092	-1	0	0	0	0
1.720295	830	423.81604	2.924665	1	0	0	0	0
1.719489	831	423.877823	2.924239	1	0	0	0	0
0	832	423.939606	2.923813	0	0	0	0	0
1.717878	833	424.001389	2.923387	1	0	0	0	0
-5.151224	834	424.063172	2.922961	-3	0	0	0	0
3.432543	835	424.124956	2.922535	2	0	0	0	0
-1.715469	836	424.186739	2.922109	-1	0	0	0	0
-5.144003	837	424.248522	2.921684	-3	0	0	0	0
-1.713867	838	424.310305	2.921258	-1	0	0	0	0
-1.713067	839	424.372088	2.920833	-1	0	0	0	0
0	840	424.433871	2.920408	0	0	0	0	0
-6.845881	841	424.495654	2.919983	-4	0	0	0	0
-5.132019	842	424.557438	2.919558	-3	0	0	0	0
0	843	424.619221	2.919133	0	0	0	0	0
0	844	424.681004	2.918708	0	0	0	0	0
-5.124858	845	424.742787	2.918284	-3	0	0	0	0
0	846	424.80457	2.917859	0	0	0	0	0
-5.120096	847	424.866353	2.917435	-3	0	0	0	0
-1.705906	848	424.928136	2.917011	-1	0	0	0	0
1.705115	849	424.98992	2.916587	1	0	0	0	0
1.704324	850	425.051703	2.916163	1	0	0	0	0
-1.703534	851	425.113486	2.915739	-1	0	0	0	0
0	852	425.175269	2.915315	0	0	0	0	0
-5.105871	853	425.237052	2.914892	-3	0	0	0	0
0	854	425.298835	2.914468	0	0	0	0	0
1.700383	855	425.360618	2.914045	1	0	0	0	0
-5.098791	856	425.422402	2.913622	-3	0	0	0	0
1.698812	857	425.484185	2.913199	1	0	0	0	0
0	858	425.545968	2.912776	0	0	0	0	0
-1.697244	859	425.607751	2.912353	-1	0	0	0	0
0	860	425.669534	2.91193	0	0	0	0	0
-3.39136	861	425.731317	2.911508	-2	0	0	0	0
0	862	425.7931	2.911085	0	0	0	0	0
5.082357	863	425.854884	2.910663	3	0	0	0	0
1.69334	864	425.916667	2.910241	1	0	0	0	0
-1.692561	865	425.97845	2.909819	-1	0	0	0	0
-1.691783	866	426.040233	2.909397	-1	0	0	0	0
6.764026	867	426.102016	2.908975	4	0	0	0	0
-1.69023	868	426.163799	2.908553	-1	0	0	0	0
-5.068365	869	426.225582	2.908131	-3	0	0	0	0
0	870	426.287366	2.90771	0	0	0	0	0
-1.687907	871	426.349149	2.907289	-1	0	0	0	0
-1.687134	872	426.410932	2.906867	-1	0	0	0	0
1.686362	873	426.472715	2.906446	1	0	0	0	0
-3.371181	874	426.534498	2.906025	-2	0	0	0	0
-1.68482	875	426.596281	2.905604	-1	0	0	0	0
1.68405	876	426.658064	2.905184	1	0	0	0	0
0	877	426.719848	2.904763	0	0	0	0	0
-3.365027	878	426.781631	2.904342	-2	0	0	0	0
1.681746	879	426.843414	2.903922	1	0	0	0	0
5.042938	880	426.905197	2.903502	3	0	0	0	0
-3.360427	881	426.96698	2.903082	-2	0	0	0	0
1.679449	882	427.028763	2.902662	1	0	0	0	0
3.357369	883	427.090546	2.902242	2	0	0	0	0
1.677921	884	427.15233	2.901822	1	0	0	0	0
3.354317	885	427.214113	2.901402	2	0	0	0	0
1.676397	886	427.275896	2.900983	1	0	0	0	0
0	887	427.337679	2.900563	0	0	0	0	0
3.349751	888	427.399462	2.900144	2	0	0	0	0
-1.674116	889	427.461245	2.899725	-1	0	0	0	0
1.673357	890	427.523028	2.899306	1	0	0	0	0
0	891	427.584812	2.898887	0	0	0	0	0
1.671842	892	427.646595	2.898468	1	0	0	0	0
3.342172	893	427.708378	2.898049	2	0	0	0	0
1.670331	894	427.770161	2.897631	1	0	0	0	0
0	895	427.831944	2.897212	0	0	0	0	0
-1.668822	896	427.893727	2.896794	-1	0	0	0	0
-1.668069	897	427.95551	2.896376	-1	0	0	0	0
5.001949	898	428.017294	2.895958	3	0	0	0	0
-1.666565	899	428.079077	2.89554	-1	0	0	0	0
0	900	428.14086	2.895122	0	0	0	0	0
4.995191	901	428.202643	2.894704	3	0	0	0	0
-3.328629	902	428.264426	2.894287	-2	0	0	0	0
1.663566	903	428.326209	2.893869	1	0	0	0	0
0	904	428.387992	2.893452	0	0	0	0	0
-1.662071	905	428.449776	2.893035	-1	0	0	0	0
-1.661325	906	428.511559	2.892617	-1	0	0	0	0
-1.660579	907	428.573342	2.8922	-1	0	0	0	0
4.979504	908	428.635125	2.891784	3	0	0	0	0
-1.659091	909	428.696908	2.891367	-1	0	0	0	0
-1.658347	910	428.758691	2.89095	-1	0	0	0	0
6.63042	911	428.820474	2.890534	4	0	0	0	0
4.97059	912	428.882258	2.890117	3	0	0	0	0
1.656123	913	428.944041	2.889701	1	0	0	0	0
3.310765	914	429.005824	2.889285	2	0	0	0	0
4.963929	915	429.067607	2.888869	3	0	0	0	0
-1.653904	916	429.12939	2.888453	-1	0	0	0	0
0	917	429.191173	2.888037	0	0	0	0	0
1.65243	918	429.252957	2.887621	1	0	0	0	0
0	919	429.31474	2.887206	0	0	0	0	0
0	920	429.376523	2.88679	0	0	0	0	0
0	921	429.438306	2.886375	0	0	0	0	0
3.298978	922	429.500089	2.88596	2	0	0	0	0
1.648756	923	429.561872	2.885545	1	0	0	0	0
-3.296046	924	429.623655	2.88513	-2	0	0	0	0
-1.647291	925	429.685439	2.884715	-1	0	0	0	0
-1.64656	926	429.747222	2.8843	-1	0	0	0	0
3.29166	927	429.809005	2.883886	2	0	0	0	0
3.290201	928	429.870788	2.883471	2	0	0	0	0
-4.933115	929	429.932571	2.883057	-3	0	0	0	0
0	930	429.994354	2.882642	0	0	0	0	0
1.642916	931	430.056137	2.882228	1	0	0	0	0
3.28438	932	430.117921	2.881814	2	0	0	0	0
-6.565857	933	430.179704	2.8814	-4	0	0	0	0
1.640739	934	430.241487	2.880987	1	0	0	0	0
-1.640015	935	430.30327	2.880573	-1	0	0	0	0
1.639291	936	430.365053	2.88016	1	0	0	0	0
-1.638569	937	430.426836	2.879746	-1	0	0	0	0
0	938	430.488619	2.879333	0	0	0	0	0
3.27425	939	430.550403	2.87892	2	0	0	0	0
-1.636405	940	430.612186	2.878507	-1	0	0	0	0
1.635685	941	430.673969	2.878094	1	0	0	0	0
0	942	430.735752	2.877681	0	0	0	0	0
-3.268495	943	430.797535	2.877268	-2	0	0	0	0
-3.267059	944	430.859318	2.876856	-2	0	0	0	0
-6.531251	945	430.921101	2.876443	-4	0	0	0	0
1.632097	946	430.982885	2.876031	1	0	0	0	0
1.631381	947	431.044668	2.875618	1	0	0	0	0
1.630667	948	431.106451	2.875206	1	0	0	0	0
3.259905	949	431.168234	2.874794	2	0	0	0	0
-4.887719	950	431.230017	2.874382	-3	0	0	0	0
-3.257054	951	431.2918	2.873971	-2	0	0	0	0
0	952	431.353583	2.873559	0	0	0	0	0
1.627104	953	431.415367	2.873148	1	0	0	0	0
3.252788	954	431.47715	2.872736	2	0	0	0	0
0	955	431.538933	2.872325	0	0	0	0	0
-1.624976	956	431.600716	2.871914	-1	0	0	0	0
0	957	431.662499	2.871503	0	0	0	0	0
1.62356	958	431.724282	2.871092	1	0	0	0	0
-3.245707	959	431.786065	2.870681	-2	0	0	0	0
-3.244296	960	431.847849	2.87027	-2	0	0	0	0
-4.864328	961	431.909632	2.86986	-3	0	0	0	0
0	962	431.971415	2.869449	0	0	0	0	0
-1.620034	963	432.033198	2.869039	-1	0	0	0	0
0	964	432.094981	2.868629	0	0	0	0	0
0	965	432.156764	2.868218	0	0	0	0	0
3.235855	966	432.218547	2.867808	2	0	0	0	0
-6.468907	967	432.280331	2.867399	-4	0	0	0	0
0	968	432.342114	2.866989	0	0	0	0	0
1.615827	969	432.403897	2.866579	1	0	0	0	0
1.615128	970	432.46568	2.86617	1	0	0	0	0
-3.228861	971	432.527463	2.86576	-2	0	0	0	0
0	972	432.589246	2.865351	0	0	0	0	0
0	973	432.651029	2.864942	0	0	0	0	0
0	974	432.712813	2.864533	0	0	0	0	0
-3.223291	975	432.774596	2.864124	-2	0	0	0	0
-4.832854	976	432.836379	2.863715	-3	0	0	0	0
0	977	432.898162	2.863306	0	0	0	0	0
1.609565	978	432.959945	2.862898	1	0	0	0	0
-3.217745	979	433.021728	2.862489	-2	0	0	0	0
-1.608181	980	433.083511	2.862081	-1	0	0	0	0
-3.21498	981	433.145295	2.861673	-2	0	0	0	0
1.6068	982	433.207078	2.861264	1	0	0	0	0
-3.212221	983	433.268861	2.860856	-2	0	0	0	0
0	984	433.330644	2.860449	0	0	0	0	0
3.209467	985	433.392427	2.860041	2	0	0	0	0
0	986	433.45421	2.859633	0	0	0	0	0
0	987	433.515993	2.859226	0	0	0	0	0
-1.602674	988	433.577777	2.858818	-1	0	0	0	0
0	989	433.63956	2.858411	0	0	0	0	0
1.601304	990	433.701343	2.858004	1	0	0	0	0
0	991	433.763126	2.857597	0	0	0	0	0
-3.199874	992	433.824909	2.85719	-2	0	0	0	0
0	993	433.886692	2.856783	0	0	0	0	0
-4.795719	994	433.948475	2.856376	-3	0	0	0	0
0	995	434.010259	2.855969	0	0	0	0	0
-4.791635	996	434.072042	2.855563	-3	0	0	0	0
-1.596532	997	434.133825	2.855156	-1	0	0	0	0
0	998	434.195608	2.85475	0	0	0	0	0
1.595175	999	434.257391	2.854344	1	0	0	0	0
1.594497	1000	434.319174	2.853938	1	0	0	0	0
0	1001	434.380957	2.853532	0	0	0	0	0
7.965722	1002	434.442741	2.853126	5	0	0	0	0
-3.184938	1003	434.504524	2.852721	-2	0	0	0	0
-1.591794	1004	434.566307	2.852315	-1	0	0	0	0
-3.18224	1005	434.62809	2.85191	-2	0	0	0	0
-1.590447	1006	434.689873	2.851504	-1	0	0	0	0
-1.589774	1007	434.751656	2.851099	-1	0	0	0	0
0	1008	434.813439	2.850694	0	0	0	0	0
0	1009	434.875223	2.850289	0	0	0	0	0
1.58776	1010	434.937006	2.849884	1	0	0	0	0
-3.17418	1011	434.998789	2.849479	-2	0	0	0	0
0	1012	435.060572	2.849075	0	0	0	0	0
3.171505	1013	435.122355	2.84867	2	0	0	0	0
-3.170169	1014	435.184138	2.848266	-2	0	0	0	0
0	1015	435.245921	2.847861	0	0	0	0	0
-1.583751	1016	435.307705	2.847457	-1	0	0	0	0
-3.16617	1017	435.369488	2.847053	-2	0	0	0	0
-3.16484	1018	435.431271	2.846649	-2	0	0	0	0
-1.581755	1019	435.493054	2.846245	-1	0	0	0	0
1.581092	1020	435.554837	2.845841	1	0	0	0	0
-3.160857	1021	435.61662	2.845438	-2	0	0	0	0
-1.579766	1022	435.678403	2.845034	-1	0	0	0	0
-3.158208	1023	435.740187	2.844631	-2	0	0	0	0
0	1024	435.80197	2.844228	0	0	0	0	0
