3.592128	4.000000	418.280949	2.963367	2.000000	0.000000	292.010000	0.000000	5.010000
5.385577	5.000000	418.341753	2.962936	3.000000	0.000000	0.000000	0.000000	0.000000
0.000000	6.000000	418.402556	2.962506	0.000000	0.000000	0.000000	0.000000	0.000000
0.000000	7.000000	418.463359	2.962075	0.000000	0.000000	0.000000	0.000000	0.000000
0.000000	8.000000	418.524162	2.961645	0.000000	0.000000	0.000000	0.000000	0.000000
1.791716	9.000000	418.584966	2.961215	1.000000	0.000000	0.000000	0.000000	0.000000
3.581697	10.000000	418.645769	2.960785	2.000000	0.000000	0.000000	0.000000	0.000000
0.000000	11.000000	418.706572	2.960355	0.000000	0.000000	0.000000	0.000000	0.000000
-1.789117	12.000000	418.767375	2.959925	-1.000000	0.000000	0.000000	0.000000	0.000000
0.000000	13.000000	418.828179	2.959495	0.000000	0.000000	0.000000	0.000000	0.000000
0.000000	14.000000	418.888982	2.959066	0.000000	0.000000	0.000000	0.000000	0.000000
5.359581	15.000000	418.949785	2.958636	3.000000	0.000000	0.000000	0.000000	0.000000
0.000000	16.000000	419.010588	2.958207	0.000000	0.000000	0.000000	0.000000	0.000000
-1.784805	17.000000	419.071392	2.957778	-1.000000	0.000000	0.000000	0.000000	0.000000
3.567890	18.000000	419.132195	2.957349	2.000000	0.000000	0.000000	0.000000	0.000000
3.566172	19.000000	419.192998	2.956920	2.000000	0.000000	0.000000	0.000000	0.000000
5.346683	20.000000	419.253801	2.956491	3.000000	0.000000	0.000000	0.000000	0.000000
0.000000	21.000000	419.314605	2.956062	0.000000	0.000000	0.000000	0.000000	0.000000
3.561028	22.000000	419.375408	2.955633	2.000000	0.000000	0.000000	0.000000	0.000000
-1.779659	23.000000	419.436211	2.955205	-1.000000	0.000000	0.000000	0.000000	0.000000
-3.557609	24.000000	419.497014	2.954777	-2.000000	0.000000	0.000000	0.000000	0.000000
3.555901	25.000000	419.557818	2.954348	2.000000	0.000000	0.000000	0.000000	0.000000
7.108391	26.000000	419.618621	2.953920	4.000000	0.000000	0.000000	0.000000	0.000000
7.104983	27.000000	419.679424	2.953492	4.000000	0.000000	0.000000	0.000000	0.000000
5.326185	28.000000	419.740227	2.953065	3.000000	0.000000	0.000000	0.000000	0.000000
-3.549089	29.000000	419.801031	2.952637	-2.000000	0.000000	0.000000	0.000000	0.000000
-3.547391	30.000000	419.861834	2.952209	-2.000000	0.000000	0.000000	0.000000	0.000000
-3.545694	31.000000	419.922637	2.951782	-2.000000	0.000000	0.000000	0.000000	0.000000
-3.543999	32.000000	419.983440	2.951354	-2.000000	0.000000	0.000000	0.000000	0.000000
-3.542306	33.000000	420.044244	2.950927	-2.000000	0.000000	0.000000	0.000000	0.000000
1.770307	34.000000	420.105047	2.950500	1.000000	0.000000	0.000000	0.000000	0.000000
7.077848	35.000000	420.165850	2.950073	4.000000	0.000000	0.000000	0.000000	0.000000
5.305854	36.000000	420.226653	2.949646	3.000000	0.000000	0.000000	0.000000	0.000000
3.535550	37.000000	420.287457	2.949220	2.000000	0.000000	0.000000	0.000000	0.000000
7.067730	38.000000	420.348260	2.948793	4.000000	0.000000	0.000000	0.000000	0.000000
5.298273	39.000000	420.409063	2.948367	3.000000	0.000000	0.000000	0.000000	0.000000
8.826252	40.000000	420.469866	2.947940	5.000000	0.000000	0.000000	0.000000	0.000000
7.057643	41.000000	420.530670	2.947514	4.000000	0.000000	0.000000	0.000000	0.000000
8.817859	42.000000	420.591473	2.947088	5.000000	0.000000	0.000000	0.000000	0.000000
8.813669	43.000000	420.652276	2.946662	5.000000	0.000000	0.000000	0.000000	0.000000
5.285690	44.000000	420.713079	2.946236	3.000000	0.000000	0.000000	0.000000	0.000000
3.522121	45.000000	420.773883	2.945810	2.000000	0.000000	0.000000	0.000000	0.000000
1.760225	46.000000	420.834686	2.945385	1.000000	0.000000	0.000000	0.000000	0.000000
0.000000	47.000000	420.895489	2.944959	0.000000	0.000000	0.000000	0.000000	0.000000
0.000000	48.000000	420.956292	2.944534	0.000000	0.000000	0.000000	0.000000	0.000000
0.000000	49.000000	421.017096	2.944108	0.000000	0.000000	0.000000	0.000000	0.000000
-5.270676	50.000000	421.077899	2.943683	-3.000000	0.000000	0.000000	0.000000	0.000000
-1.756061	51.000000	421.138702	2.943258	-1.000000	0.000000	0.000000	0.000000	0.000000
-3.510461	52.000000	421.199505	2.942833	-2.000000	0.000000	0.000000	0.000000	0.000000
-3.508802	53.000000	421.260309	2.942409	-2.000000	0.000000	0.000000	0.000000	0.000000
-1.753572	54.000000	421.321112	2.941984	-1.000000	0.000000	0.000000	0.000000	0.000000
0.000000	55.000000	421.381915	2.941560	0.000000	0.000000	0.000000	0.000000	0.000000
-3.503835	56.000000	421.442718	2.941135	-2.000000	0.000000	0.000000	0.000000	0.000000
-1.751092	57.000000	421.503522	2.940711	-1.000000	0.000000	0.000000	0.000000	0.000000
-1.750267	58.000000	421.564325	2.940287	-1.000000	0.000000	0.000000	0.000000	0.000000
3.498884	59.000000	421.625128	2.939863	2.000000	0.000000	0.000000	0.000000	0.000000
3.497237	60.000000	421.685931	2.939439	2.000000	0.000000	0.000000	0.000000	0.000000
5.243388	61.000000	421.746735	2.939015	3.000000	0.000000	0.000000	0.000000	0.000000
0.000000	62.000000	421.807538	2.938591	0.000000	0.000000	0.000000	0.000000	0.000000
3.492306	63.000000	421.868341	2.938168	2.000000	0.000000	0.000000	0.000000	0.000000
0.000000	64.000000	421.929144	2.937744	0.000000	0.000000	0.000000	0.000000	0.000000
3.489028	65.000000	421.989948	2.937321	2.000000	0.000000	0.000000	0.000000	0.000000
1.743695	66.000000	422.050751	2.936898	1.000000	0.000000	0.000000	0.000000	0.000000
1.742878	67.000000	422.111554	2.936475	1.000000	0.000000	0.000000	0.000000	0.000000
1.742061	68.000000	422.172357	2.936052	1.000000	0.000000	0.000000	0.000000	0.000000
1.741245	69.000000	422.233160	2.935629	1.000000	0.000000	0.000000	0.000000	0.000000
0.000000	70.000000	422.293964	2.935207	0.000000	0.000000	0.000000	0.000000	0.000000
1.739616	71.000000	422.354767	2.934784	1.000000	0.000000	0.000000	0.000000	0.000000
3.477605	72.000000	422.415570	2.934362	2.000000	0.000000	0.000000	0.000000	0.000000
1.737990	73.000000	422.476373	2.933939	1.000000	0.000000	0.000000	0.000000	0.000000
-3.474356	74.000000	422.537177	2.933517	-2.000000	0.000000	0.000000	0.000000	0.000000
3.472734	75.000000	422.597980	2.933095	2.000000	0.000000	0.000000	0.000000	0.000000
0.000000	76.000000	422.658783	2.932673	0.000000	0.000000	0.000000	0.000000	0.000000
3.469495	77.000000	422.719586	2.932251	2.000000	0.000000	0.000000	0.000000	0.000000
-1.733939	78.000000	422.780390	2.931829	-1.000000	0.000000	0.000000	0.000000	0.000000
8.665658	79.000000	422.841193	2.931408	5.000000	0.000000	0.000000	0.000000	0.000000
1.732325	80.000000	422.901996	2.930986	1.000000	0.000000	0.000000	0.000000	0.000000
-1.731519	81.000000	422.962799	2.930565	-1.000000	0.000000	0.000000	0.000000	0.000000
0.000000	82.000000	423.023603	2.930144	0.000000	0.000000	0.000000	0.000000	0.000000
1.729909	83.000000	423.084406	2.929723	1.000000	0.000000	0.000000	0.000000	0.000000
1.729106	84.000000	423.145209	2.929302	1.000000	0.000000	0.000000	0.000000	0.000000
0.000000	85.000000	423.206012	2.928881	0.000000	0.000000	0.000000	0.000000	0.000000
5.182504	86.000000	423.266816	2.928460	3.000000	0.000000	0.000000	0.000000	0.000000
1.726700	87.000000	423.327619	2.928040	1.000000	0.000000	0.000000	0.000000	0.000000
3.451800	88.000000	423.388422	2.927619	2.000000	0.000000	0.000000	0.000000	0.000000
0.000000	89.000000	423.449225	2.927199	0.000000	0.000000	0.000000	0.000000	0.000000
1.724302	90.000000	423.510029	2.926778	1.000000	0.000000	0.000000	0.000000	0.000000
5.170513	91.000000	423.570832	2.926358	3.000000	0.000000	0.000000	0.000000	0.000000
3.445415	92.000000	423.631635	2.925938	2.000000	0.000000	0.000000	0.000000	0.000000
5.165734	93.000000	423.692438	2.925518	3.000000	0.000000	0.000000	0.000000	0.000000
5.163348	94.000000	423.753242	2.925099	3.000000	0.000000	0.000000	0.000000	0.000000
5.160964	95.000000	423.814045	2.924679	3.000000	0.000000	0.000000	0.000000	0.000000
0.000000	96.000000	423.874848	2.924259	0.000000	0.000000	0.000000	0.000000	0.000000
-1.718735	97.000000	423.935651	2.923840	-1.000000	0.000000	0.000000	0.000000	0.000000
3.435885	98.000000	423.996455	2.923421	2.000000	0.000000	0.000000	0.000000	0.000000
1.717151	99.000000	424.057258	2.923001	1.000000	0.000000	0.000000	0.000000	0.000000
3.432722	100.000000	424.118061	2.922582	2.000000	0.000000	0.000000	0.000000	0.000000
0.000000	101.000000	424.178864	2.922164	0.000000	0.000000	0.000000	0.000000	0.000000
-1.714782	102.000000	424.239668	2.921745	-1.000000	0.000000	0.000000	0.000000	0.000000
3.427989	103.000000	424.300471	2.921326	2.000000	0.000000	0.000000	0.000000	0.000000
5.139622	104.000000	424.361274	2.920907	3.000000	0.000000	0.000000	0.000000	0.000000
3.424842	105.000000	424.422077	2.920489	2.000000	0.000000	0.000000	0.000000	0.000000
3.423270	106.000000	424.482881	2.920071	2.000000	0.000000	0.000000	0.000000	0.000000
5.132551	107.000000	424.543684	2.919652	3.000000	0.000000	0.000000	0.000000	0.000000
1.710066	108.000000	424.604487	2.919234	1.000000	0.000000	0.000000	0.000000	0.000000
3.418566	109.000000	424.665290	2.918816	2.000000	0.000000	0.000000	0.000000	0.000000
5.125502	110.000000	424.726094	2.918399	3.000000	0.000000	0.000000	0.000000	0.000000
8.538595	111.000000	424.786897	2.917981	5.000000	0.000000	0.000000	0.000000	0.000000
3.413876	112.000000	424.847700	2.917563	2.000000	0.000000	0.000000	0.000000	0.000000
1.706158	113.000000	424.908503	2.917146	1.000000	0.000000	0.000000	0.000000	0.000000
5.116137	114.000000	424.969307	2.916728	3.000000	0.000000	0.000000	0.000000	0.000000
3.409201	115.000000	425.030110	2.916311	2.000000	0.000000	0.000000	0.000000	0.000000
5.111468	116.000000	425.090913	2.915894	3.000000	0.000000	0.000000	0.000000	0.000000
-1.703046	117.000000	425.151716	2.915477	-1.000000	0.000000	0.000000	0.000000	0.000000
3.404540	118.000000	425.212520	2.915060	2.000000	0.000000	0.000000	0.000000	0.000000
3.402989	119.000000	425.273323	2.914643	2.000000	0.000000	0.000000	0.000000	0.000000
1.700720	120.000000	425.334126	2.914227	1.000000	0.000000	0.000000	0.000000	0.000000
1.699946	121.000000	425.394929	2.913810	1.000000	0.000000	0.000000	0.000000	0.000000
5.097520	122.000000	425.455733	2.913394	3.000000	0.000000	0.000000	0.000000	0.000000
1.698401	123.000000	425.516536	2.912977	1.000000	0.000000	0.000000	0.000000	0.000000
1.697630	124.000000	425.577339	2.912561	1.000000	0.000000	0.000000	0.000000	0.000000
1.696859	125.000000	425.638142	2.912145	1.000000	0.000000	0.000000	0.000000	0.000000
3.392179	126.000000	425.698946	2.911729	2.000000	0.000000	0.000000	0.000000	0.000000
6.781283	127.000000	425.759749	2.911313	4.000000	0.000000	0.000000	0.000000	0.000000
0.000000	128.000000	425.820552	2.910898	0.000000	0.000000	0.000000	0.000000	0.000000
3.387570	129.000000	425.881355	2.910482	2.000000	0.000000	0.000000	0.000000	0.000000
1.693018	130.000000	425.942159	2.910066	1.000000	0.000000	0.000000	0.000000	0.000000
0.000000	131.000000	426.002962	2.909651	0.000000	0.000000	0.000000	0.000000	0.000000
5.074462	132.000000	426.063765	2.909236	3.000000	0.000000	0.000000	0.000000	0.000000
0.000000	133.000000	426.124568	2.908821	0.000000	0.000000	0.000000	0.000000	0.000000
1.689960	134.000000	426.185372	2.908406	1.000000	0.000000	0.000000	0.000000	0.000000
1.689197	135.000000	426.246175	2.907991	1.000000	0.000000	0.000000	0.000000	0.000000
1.688435	136.000000	426.306978	2.907576	1.000000	0.000000	0.000000	0.000000	0.000000
5.063021	137.000000	426.367781	2.907162	3.000000	0.000000	0.000000	0.000000	0.000000
5.060740	138.000000	426.428585	2.906747	3.000000	0.000000	0.000000	0.000000	0.000000
-3.372307	139.000000	426.489388	2.906333	-2.000000	0.000000	0.000000	0.000000	0.000000
1.685395	140.000000	426.550191	2.905918	1.000000	0.000000	0.000000	0.000000	0.000000
8.423184	141.000000	426.610994	2.905504	5.000000	0.000000	0.000000	0.000000	0.000000
8.419397	142.000000	426.671798	2.905090	5.000000	0.000000	0.000000	0.000000	0.000000
3.366246	143.000000	426.732601	2.904676	2.000000	0.000000	0.000000	0.000000	0.000000
1.682367	144.000000	426.793404	2.904262	1.000000	0.000000	0.000000	0.000000	0.000000
8.408060	145.000000	426.854207	2.903849	5.000000	0.000000	0.000000	0.000000	0.000000
5.042573	146.000000	426.915011	2.903435	3.000000	0.000000	0.000000	0.000000	0.000000
10.080626	147.000000	426.975814	2.903022	6.000000	0.000000	0.000000	0.000000	0.000000
1.679352	148.000000	427.036617	2.902608	1.000000	0.000000	0.000000	0.000000	0.000000
6.714398	149.000000	427.097420	2.902195	4.000000	0.000000	0.000000	0.000000	0.000000
0.000000	150.000000	427.158224	2.901782	0.000000	0.000000	0.000000	0.000000	0.000000
0.000000	151.000000	427.219027	2.901369	0.000000	0.000000	0.000000	0.000000	0.000000
1.676348	152.000000	427.279830	2.900956	1.000000	0.000000	0.000000	0.000000	0.000000
0.000000	153.000000	427.340633	2.900543	0.000000	0.000000	0.000000	0.000000	0.000000
-3.349703	154.000000	427.401437	2.900131	-2.000000	0.000000	0.000000	0.000000	0.000000
3.348208	155.000000	427.462240	2.899718	2.000000	0.000000	0.000000	0.000000	0.000000
5.020072	156.000000	427.523043	2.899306	3.000000	0.000000	0.000000	0.000000	0.000000
5.017834	157.000000	427.583846	2.898893	3.000000	0.000000	0.000000	0.000000	0.000000
3.343733	158.000000	427.644650	2.898481	2.000000	0.000000	0.000000	0.000000	0.000000
1.671122	159.000000	427.705453	2.898069	1.000000	0.000000	0.000000	0.000000	0.000000
-1.670378	160.000000	427.766256	2.897657	-1.000000	0.000000	0.000000	0.000000	0.000000
5.008907	161.000000	427.827059	2.897245	3.000000	0.000000	0.000000	0.000000	0.000000
1.668893	162.000000	427.887863	2.896834	1.000000	0.000000	0.000000	0.000000	0.000000
1.668152	163.000000	427.948666	2.896422	1.000000	0.000000	0.000000	0.000000	0.000000
1.667412	164.000000	428.009469	2.896011	1.000000	0.000000	0.000000	0.000000	0.000000
5.000015	165.000000	428.070272	2.895599	3.000000	0.000000	0.000000	0.000000	0.000000
0.000000	166.000000	428.131076	2.895188	0.000000	0.000000	0.000000	0.000000	0.000000
3.330389	167.000000	428.191879	2.894777	2.000000	0.000000	0.000000	0.000000	0.000000
4.993370	168.000000	428.252682	2.894366	3.000000	0.000000	0.000000	0.000000	0.000000
0.000000	169.000000	428.313485	2.893955	0.000000	0.000000	0.000000	0.000000	0.000000
4.988951	170.000000	428.374289	2.893544	3.000000	0.000000	0.000000	0.000000	0.000000
3.324497	171.000000	428.435092	2.893134	2.000000	0.000000	0.000000	0.000000	0.000000
3.323028	172.000000	428.495895	2.892723	2.000000	0.000000	0.000000	0.000000	0.000000
-1.660780	173.000000	428.556698	2.892313	-1.000000	0.000000	0.000000	0.000000	0.000000
1.660047	174.000000	428.617502	2.891902	1.000000	0.000000	0.000000	0.000000	0.000000
4.977944	175.000000	428.678305	2.891492	3.000000	0.000000	0.000000	0.000000	0.000000
6.634332	176.000000	428.739108	2.891082	4.000000	0.000000	0.000000	0.000000	0.000000
4.973556	177.000000	428.799911	2.890672	3.000000	0.000000	0.000000	0.000000	0.000000
4.971366	178.000000	428.860715	2.890262	3.000000	0.000000	0.000000	0.000000	0.000000
1.656393	179.000000	428.921518	2.889853	1.000000	0.000000	0.000000	0.000000	0.000000
1.655664	180.000000	428.982321	2.889443	1.000000	0.000000	0.000000	0.000000	0.000000
3.309872	181.000000	429.043124	2.889034	2.000000	0.000000	0.000000	0.000000	0.000000
4.962626	182.000000	429.103928	2.888624	3.000000	0.000000	0.000000	0.000000	0.000000
1.653482	183.000000	429.164731	2.888215	1.000000	0.000000	0.000000	0.000000	0.000000
3.305513	184.000000	429.225534	2.887806	2.000000	0.000000	0.000000	0.000000	0.000000
0.000000	185.000000	429.286337	2.887397	0.000000	0.000000	0.000000	0.000000	0.000000
1.651307	186.000000	429.347141	2.886988	1.000000	0.000000	0.000000	0.000000	0.000000
0.000000	187.000000	429.407944	2.886579	0.000000	0.000000	0.000000	0.000000	0.000000
3.299722	188.000000	429.468747	2.886170	2.000000	0.000000	0.000000	0.000000	0.000000
4.947417	189.000000	429.529550	2.885762	3.000000	0.000000	0.000000	0.000000	0.000000
-3.296836	190.000000	429.590354	2.885353	-2.000000	0.000000	0.000000	0.000000	0.000000
-1.647697	191.000000	429.651157	2.884945	-1.000000	0.000000	0.000000	0.000000	0.000000
4.940932	192.000000	429.711960	2.884537	3.000000	0.000000	0.000000	0.000000	0.000000
1.646258	193.000000	429.772763	2.884129	1.000000	0.000000	0.000000	0.000000	0.000000
4.936620	194.000000	429.833567	2.883721	3.000000	0.000000	0.000000	0.000000	0.000000
6.579289	195.000000	429.894370	2.883313	4.000000	0.000000	0.000000	0.000000	0.000000
3.288211	196.000000	429.955173	2.882905	2.000000	0.000000	0.000000	0.000000	0.000000
1.643389	197.000000	430.015976	2.882498	1.000000	0.000000	0.000000	0.000000	0.000000
4.928021	198.000000	430.076780	2.882090	3.000000	0.000000	0.000000	0.000000	0.000000
4.925877	199.000000	430.137583	2.881683	3.000000	0.000000	0.000000	0.000000	0.000000
0.000000	200.000000	430.198386	2.881275	0.000000	0.000000	0.000000	0.000000	0.000000
3.281063	201.000000	430.259189	2.880868	2.000000	0.000000	0.000000	0.000000	0.000000
-1.639819	202.000000	430.319993	2.880461	-1.000000	0.000000	0.000000	0.000000	0.000000
3.278214	203.000000	430.380796	2.880054	2.000000	0.000000	0.000000	0.000000	0.000000
-1.638396	204.000000	430.441599	2.879647	-1.000000	0.000000	0.000000	0.000000	0.000000
-1.637685	205.000000	430.502402	2.879241	-1.000000	0.000000	0.000000	0.000000	0.000000
6.547903	206.000000	430.563206	2.878834	4.000000	0.000000	0.000000	0.000000	0.000000
-1.636267	207.000000	430.624009	2.878428	-1.000000	0.000000	0.000000	0.000000	0.000000
1.635559	208.000000	430.684812	2.878021	1.000000	0.000000	0.000000	0.000000	0.000000
3.269702	209.000000	430.745615	2.877615	2.000000	0.000000	0.000000	0.000000	0.000000
4.902432	210.000000	430.806419	2.877209	3.000000	0.000000	0.000000	0.000000	0.000000
0.000000	211.000000	430.867222	2.876803	0.000000	0.000000	0.000000	0.000000	0.000000
-1.632733	212.000000	430.928025	2.876397	-1.000000	0.000000	0.000000	0.000000	0.000000
3.264056	213.000000	430.988828	2.875991	2.000000	0.000000	0.000000	0.000000	0.000000
8.156619	214.000000	431.049632	2.875585	5.000000	0.000000	0.000000	0.000000	0.000000
4.891862	215.000000	431.110435	2.875180	3.000000	0.000000	0.000000	0.000000	0.000000
3.259836	216.000000	431.171238	2.874774	2.000000	0.000000	0.000000	0.000000	0.000000
4.887649	217.000000	431.232041	2.874369	3.000000	0.000000	0.000000	0.000000	0.000000
4.885545	218.000000	431.292845	2.873964	3.000000	0.000000	0.000000	0.000000	0.000000
1.627815	219.000000	431.353648	2.873559	1.000000	0.000000	0.000000	0.000000	0.000000
0.000000	220.000000	431.414451	2.873154	0.000000	0.000000	0.000000	0.000000	0.000000
4.879248	221.000000	431.475254	2.872749	3.000000	0.000000	0.000000	0.000000	0.000000
4.877153	222.000000	431.536058	2.872344	3.000000	0.000000	0.000000	0.000000	0.000000
3.250040	223.000000	431.596861	2.871939	2.000000	0.000000	0.000000	0.000000	0.000000
4.872969	224.000000	431.657664	2.871535	3.000000	0.000000	0.000000	0.000000	0.000000
0.000000	225.000000	431.718467	2.871130	0.000000	0.000000	0.000000	0.000000	0.000000
3.245863	226.000000	431.779271	2.870726	2.000000	0.000000	0.000000	0.000000	0.000000
4.866710	227.000000	431.840074	2.870322	3.000000	0.000000	0.000000	0.000000	0.000000
4.864627	228.000000	431.900877	2.869918	3.000000	0.000000	0.000000	0.000000	0.000000
1.620849	229.000000	431.961680	2.869514	1.000000	0.000000	0.000000	0.000000	0.000000
3.240313	230.000000	432.022484	2.869110	2.000000	0.000000	0.000000	0.000000	0.000000
3.238929	231.000000	432.083287	2.868706	2.000000	0.000000	0.000000	0.000000	0.000000
0.000000	232.000000	432.144090	2.868303	0.000000	0.000000	0.000000	0.000000	0.000000
6.472330	233.000000	432.204893	2.867899	4.000000	0.000000	0.000000	0.000000	0.000000
0.000000	234.000000	432.265697	2.867496	0.000000	0.000000	0.000000	0.000000	0.000000
4.850110	235.000000	432.326500	2.867092	3.000000	0.000000	0.000000	0.000000	0.000000
1.616015	236.000000	432.387303	2.866689	1.000000	0.000000	0.000000	0.000000	0.000000
0.000000	237.000000	432.448106	2.866286	0.000000	0.000000	0.000000	0.000000	0.000000
4.843920	238.000000	432.508910	2.865883	3.000000	0.000000	0.000000	0.000000	0.000000
-1.613954	239.000000	432.569713	2.865480	-1.000000	0.000000	0.000000	0.000000	0.000000
3.226536	240.000000	432.630516	2.865078	2.000000	0.000000	0.000000	0.000000	0.000000
6.450331	241.000000	432.691319	2.864675	4.000000	0.000000	0.000000	0.000000	0.000000
6.447594	242.000000	432.752123	2.864272	4.000000	0.000000	0.000000	0.000000	0.000000
3.222430	243.000000	432.812926	2.863870	2.000000	0.000000	0.000000	0.000000	0.000000
-1.610532	244.000000	432.873729	2.863468	-1.000000	0.000000	0.000000	0.000000	0.000000
3.219699	245.000000	432.934532	2.863066	2.000000	0.000000	0.000000	0.000000	0.000000
4.827504	246.000000	432.995336	2.862664	3.000000	0.000000	0.000000	0.000000	0.000000
-1.608487	247.000000	433.056139	2.862262	-1.000000	0.000000	0.000000	0.000000	0.000000
3.215614	248.000000	433.116942	2.861860	2.000000	0.000000	0.000000	0.000000	0.000000
1.607127	249.000000	433.177745	2.861458	1.000000	0.000000	0.000000	0.000000	0.000000
3.212897	250.000000	433.238549	2.861057	2.000000	0.000000	0.000000	0.000000	0.000000
4.817311	251.000000	433.299352	2.860655	3.000000	0.000000	0.000000	0.000000	0.000000
3.210186	252.000000	433.360155	2.860254	2.000000	0.000000	0.000000	0.000000	0.000000
3.208832	253.000000	433.420958	2.859852	2.000000	0.000000	0.000000	0.000000	0.000000
3.207480	254.000000	433.481762	2.859451	2.000000	0.000000	0.000000	0.000000	0.000000
3.206129	255.000000	433.542565	2.859050	2.000000	0.000000	0.000000	0.000000	0.000000
0.000000	256.000000	433.603368	2.858649	0.000000	0.000000	0.000000	0.000000	0.000000
3.203432	257.000000	433.664171	2.858249	2.000000	0.000000	0.000000	0.000000	0.000000
3.202085	258.000000	433.724975	2.857848	2.000000	0.000000	0.000000	0.000000	0.000000
4.801109	259.000000	433.785778	2.857447	3.000000	0.000000	0.000000	0.000000	0.000000
0.000000	260.000000	433.846581	2.857047	0.000000	0.000000	0.000000	0.000000	0.000000
1.599026	261.000000	433.907384	2.856646	1.000000	0.000000	0.000000	0.000000	0.000000
6.393423	262.000000	433.968188	2.856246	4.000000	0.000000	0.000000	0.000000	0.000000
6.390743	263.000000	434.028991	2.855846	4.000000	0.000000	0.000000	0.000000	0.000000
3.194033	264.000000	434.089794	2.855446	2.000000	0.000000	0.000000	0.000000	0.000000
1.596348	265.000000	434.150597	2.855046	1.000000	0.000000	0.000000	0.000000	0.000000
1.595680	266.000000	434.211401	2.854646	1.000000	0.000000	0.000000	0.000000	0.000000
3.190025	267.000000	434.272204	2.854247	2.000000	0.000000	0.000000	0.000000	0.000000
3.188692	268.000000	434.333007	2.853847	2.000000	0.000000	0.000000	0.000000	0.000000
1.593680	269.000000	434.393810	2.853448	1.000000	0.000000	0.000000	0.000000	0.000000
3.186029	270.000000	434.454614	2.853048	2.000000	0.000000	0.000000	0.000000	0.000000
0.000000	271.000000	434.515417	2.852649	0.000000	0.000000	0.000000	0.000000	0.000000
3.183372	272.000000	434.576220	2.852250	2.000000	0.000000	0.000000	0.000000	0.000000
1.591023	273.000000	434.637023	2.851851	1.000000	0.000000	0.000000	0.000000	0.000000
6.361441	274.000000	434.697827	2.851452	4.000000	0.000000	0.000000	0.000000	0.000000
3.179396	275.000000	434.758630	2.851053	2.000000	0.000000	0.000000	0.000000	0.000000
3.178074	276.000000	434.819433	2.850655	2.000000	0.000000	0.000000	0.000000	0.000000
0.000000	277.000000	434.880236	2.850256	0.000000	0.000000	0.000000	0.000000	0.000000
-1.587716	278.000000	434.941040	2.849858	-1.000000	0.000000	0.000000	0.000000	0.000000
0.000000	279.000000	435.001843	2.849459	0.000000	0.000000	0.000000	0.000000	0.000000
1.586399	280.000000	435.062646	2.849061	1.000000	0.000000	0.000000	0.000000	0.000000
4.757222	281.000000	435.123449	2.848663	3.000000	0.000000	0.000000	0.000000	0.000000
7.925416	282.000000	435.184253	2.848265	5.000000	0.000000	0.000000	0.000000	0.000000
0.000000	283.000000	435.245056	2.847867	0.000000	0.000000	0.000000	0.000000	0.000000
3.167541	284.000000	435.305859	2.847469	2.000000	0.000000	0.000000	0.000000	0.000000
1.583115	285.000000	435.366662	2.847071	1.000000	0.000000	0.000000	0.000000	0.000000
-1.582461	286.000000	435.427466	2.846674	-1.000000	0.000000	0.000000	0.000000	0.000000
0.000000	287.000000	435.488269	2.846276	0.000000	0.000000	0.000000	0.000000	0.000000
1.581153	288.000000	435.549072	2.845879	1.000000	0.000000	0.000000	0.000000	0.000000
4.741502	289.000000	435.609875	2.845482	3.000000	0.000000	0.000000	0.000000	0.000000
3.159698	290.000000	435.670679	2.845085	2.000000	0.000000	0.000000	0.000000	0.000000
4.737592	291.000000	435.731482	2.844688	3.000000	0.000000	0.000000	0.000000	0.000000
3.157093	292.000000	435.792285	2.844291	2.000000	0.000000	0.000000	0.000000	0.000000
1.577897	293.000000	435.853088	2.843894	1.000000	0.000000	0.000000	0.000000	0.000000
4.731742	294.000000	435.913892	2.843497	3.000000	0.000000	0.000000	0.000000	0.000000
3.153197	295.000000	435.974695	2.843101	2.000000	0.000000	0.000000	0.000000	0.000000
3.151901	296.000000	436.035498	2.842704	2.000000	0.000000	0.000000	0.000000	0.000000
1.575303	297.000000	436.096301	2.842308	1.000000	0.000000	0.000000	0.000000	0.000000
4.723969	298.000000	436.157105	2.841912	3.000000	0.000000	0.000000	0.000000	0.000000
3.148020	299.000000	436.217908	2.841516	2.000000	0.000000	0.000000	0.000000	0.000000
4.720094	300.000000	436.278711	2.841120	3.000000	0.000000	0.000000	0.000000	0.000000
4.718160	301.000000	436.339514	2.840724	3.000000	0.000000	0.000000	0.000000	0.000000
1.572076	302.000000	436.400318	2.840328	1.000000	0.000000	0.000000	0.000000	0.000000
4.714297	303.000000	436.461121	2.839932	3.000000	0.000000	0.000000	0.000000	0.000000
1.570789	304.000000	436.521924	2.839537	1.000000	0.000000	0.000000	0.000000	0.000000
6.280588	305.000000	436.582727	2.839141	4.000000	0.000000	0.000000	0.000000	0.000000
3.139011	306.000000	436.643531	2.838746	2.000000	0.000000	0.000000	0.000000	0.000000
6.275458	307.000000	436.704334	2.838351	4.000000	0.000000	0.000000	0.000000	0.000000
1.568224	308.000000	436.765137	2.837955	1.000000	0.000000	0.000000	0.000000	0.000000
3.135169	309.000000	436.825940	2.837560	2.000000	0.000000	0.000000	0.000000	0.000000
4.700837	310.000000	436.886744	2.837166	3.000000	0.000000	0.000000	0.000000	0.000000
3.132614	311.000000	436.947547	2.836771	2.000000	0.000000	0.000000	0.000000	0.000000
4.697009	312.000000	437.008350	2.836376	3.000000	0.000000	0.000000	0.000000	0.000000
4.695097	313.000000	437.069153	2.835981	3.000000	0.000000	0.000000	0.000000	0.000000
3.128792	314.000000	437.129957	2.835587	2.000000	0.000000	0.000000	0.000000	0.000000
1.563760	315.000000	437.190760	2.835193	1.000000	0.000000	0.000000	0.000000	0.000000
3.126250	316.000000	437.251563	2.834798	2.000000	0.000000	0.000000	0.000000	0.000000
3.124981	317.000000	437.312366	2.834404	2.000000	0.000000	0.000000	0.000000	0.000000
1.561857	318.000000	437.373170	2.834010	1.000000	0.000000	0.000000	0.000000	0.000000
4.683670	319.000000	437.433973	2.833616	3.000000	0.000000	0.000000	0.000000	0.000000
1.560591	320.000000	437.494776	2.833222	1.000000	0.000000	0.000000	0.000000	0.000000
1.559959	321.000000	437.555579	2.832829	1.000000	0.000000	0.000000	0.000000	0.000000
3.118655	322.000000	437.616383	2.832435	2.000000	0.000000	0.000000	0.000000	0.000000
4.676090	323.000000	437.677186	2.832042	3.000000	0.000000	0.000000	0.000000	0.000000
4.674200	324.000000	437.737989	2.831648	3.000000	0.000000	0.000000	0.000000	0.000000
1.557437	325.000000	437.798792	2.831255	1.000000	0.000000	0.000000	0.000000	0.000000
7.784042	326.000000	437.859596	2.830862	5.000000	0.000000	0.000000	0.000000	0.000000
1.556180	327.000000	437.920399	2.830469	1.000000	0.000000	0.000000	0.000000	0.000000
6.222211	328.000000	437.981202	2.830076	4.000000	0.000000	0.000000	0.000000	0.000000
3.109852	329.000000	438.042005	2.829683	2.000000	0.000000	0.000000	0.000000	0.000000
4.662899	330.000000	438.102809	2.829290	3.000000	0.000000	0.000000	0.000000	0.000000
9.322043	331.000000	438.163612	2.828898	6.000000	0.000000	0.000000	0.000000	0.000000
3.106098	332.000000	438.224415	2.828505	2.000000	0.000000	0.000000	0.000000	0.000000
0.000000	333.000000	438.285218	2.828113	0.000000	0.000000	0.000000	0.000000	0.000000
0.000000	334.000000	438.346022	2.827720	0.000000	0.000000	0.000000	0.000000	0.000000
1.551178	335.000000	438.406825	2.827328	1.000000	0.000000	0.000000	0.000000	0.000000
4.651665	336.000000	438.467628	2.826936	3.000000	0.000000	0.000000	0.000000	0.000000
0.000000	337.000000	438.528431	2.826544	0.000000	0.000000	0.000000	0.000000	0.000000
0.000000	338.000000	438.589235	2.826152	0.000000	0.000000	0.000000	0.000000	0.000000
0.000000	339.000000	438.650038	2.825761	0.000000	0.000000	0.000000	0.000000	0.000000
4.644214	340.000000	438.710841	2.825369	3.000000	0.000000	0.000000	0.000000	0.000000
3.094904	341.000000	438.771644	2.824977	2.000000	0.000000	0.000000	0.000000	0.000000
6.187332	342.000000	438.832448	2.824586	4.000000	0.000000	0.000000	0.000000	0.000000
1.546215	343.000000	438.893251	2.824195	1.000000	0.000000	0.000000	0.000000	0.000000
1.545597	344.000000	438.954054	2.823804	1.000000	0.000000	0.000000	0.000000	0.000000
4.634941	345.000000	439.014857	2.823412	3.000000	0.000000	0.000000	0.000000	0.000000
4.633093	346.000000	439.075661	2.823021	3.000000	0.000000	0.000000	0.000000	0.000000
3.087497	347.000000	439.136464	2.822631	2.000000	0.000000	0.000000	0.000000	0.000000
3.086267	348.000000	439.197267	2.822240	2.000000	0.000000	0.000000	0.000000	0.000000
1.542519	349.000000	439.258070	2.821849	1.000000	0.000000	0.000000	0.000000	0.000000
0.000000	350.000000	439.318874	2.821459	0.000000	0.000000	0.000000	0.000000	0.000000
0.000000	351.000000	439.379677	2.821068	0.000000	0.000000	0.000000	0.000000	0.000000
0.000000	352.000000	439.440480	2.820678	0.000000	0.000000	0.000000	0.000000	0.000000
4.620202	353.000000	439.501283	2.820288	3.000000	0.000000	0.000000	0.000000	0.000000
-3.078912	354.000000	439.562087	2.819897	-2.000000	0.000000	0.000000	0.000000	0.000000
4.616536	355.000000	439.622890	2.819507	3.000000	0.000000	0.000000	0.000000	0.000000
3.076471	356.000000	439.683693	2.819118	2.000000	0.000000	0.000000	0.000000	0.000000
6.150503	357.000000	439.744496	2.818728	4.000000	0.000000	0.000000	0.000000	0.000000
3.074034	358.000000	439.805300	2.818338	2.000000	0.000000	0.000000	0.000000	0.000000
6.145634	359.000000	439.866103	2.817948	4.000000	0.000000	0.000000	0.000000	0.000000
4.607403	360.000000	439.926906	2.817559	3.000000	0.000000	0.000000	0.000000	0.000000
1.535194	361.000000	439.987709	2.817170	1.000000	0.000000	0.000000	0.000000	0.000000
4.603762	362.000000	440.048513	2.816780	3.000000	0.000000	0.000000	0.000000	0.000000
1.533982	363.000000	440.109316	2.816391	1.000000	0.000000	0.000000	0.000000	0.000000
4.600129	364.000000	440.170119	2.816002	3.000000	0.000000	0.000000	0.000000	0.000000
1.532772	365.000000	440.230922	2.815613	1.000000	0.000000	0.000000	0.000000	0.000000
0.000000	366.000000	440.291726	2.815224	0.000000	0.000000	0.000000	0.000000	0.000000
1.531564	367.000000	440.352529	2.814836	1.000000	0.000000	0.000000	0.000000	0.000000
3.061923	368.000000	440.413332	2.814447	2.000000	0.000000	0.000000	0.000000	0.000000
4.591078	369.000000	440.474135	2.814059	3.000000	0.000000	0.000000	0.000000	0.000000
3.059515	370.000000	440.534939	2.813670	2.000000	0.000000	0.000000	0.000000	0.000000
6.116627	371.000000	440.595742	2.813282	4.000000	0.000000	0.000000	0.000000	0.000000
6.114225	372.000000	440.656545	2.812894	4.000000	0.000000	0.000000	0.000000	0.000000
9.167739	373.000000	440.717348	2.812506	6.000000	0.000000	0.000000	0.000000	0.000000
4.582072	374.000000	440.778152	2.812118	3.000000	0.000000	0.000000	0.000000	0.000000
4.580276	375.000000	440.838955	2.811730	3.000000	0.000000	0.000000	0.000000	0.000000
6.104643	376.000000	440.899758	2.811342	4.000000	0.000000	0.000000	0.000000	0.000000
3.051127	377.000000	440.960561	2.810954	2.000000	0.000000	0.000000	0.000000	0.000000
4.574900	378.000000	441.021365	2.810567	3.000000	0.000000	0.000000	0.000000	0.000000
3.048741	379.000000	441.082168	2.810179	2.000000	0.000000	0.000000	0.000000	0.000000
1.523775	380.000000	441.142971	2.809792	1.000000	0.000000	0.000000	0.000000	0.000000
4.569539	381.000000	441.203774	2.809405	3.000000	0.000000	0.000000	0.000000	0.000000
1.522585	382.000000	441.264578	2.809018	1.000000	0.000000	0.000000	0.000000	0.000000
-1.521992	383.000000	441.325381	2.808631	-1.000000	0.000000	0.000000	0.000000	0.000000
-1.521398	384.000000	441.386184	2.808244	-1.000000	0.000000	0.000000	0.000000	0.000000
4.562417	385.000000	441.446987	2.807857	3.000000	0.000000	0.000000	0.000000	0.000000
3.040428	386.000000	441.507791	2.807470	2.000000	0.000000	0.000000	0.000000	0.000000
3.039245	387.000000	441.568594	2.807084	2.000000	0.000000	0.000000	0.000000	0.000000
3.038063	388.000000	441.629397	2.806697	2.000000	0.000000	0.000000	0.000000	0.000000
3.036883	389.000000	441.690200	2.806311	2.000000	0.000000	0.000000	0.000000	0.000000
1.517852	390.000000	441.751004	2.805925	1.000000	0.000000	0.000000	0.000000	0.000000
3.034525	391.000000	441.811807	2.805538	2.000000	0.000000	0.000000	0.000000	0.000000
1.516674	392.000000	441.872610	2.805152	1.000000	0.000000	0.000000	0.000000	0.000000
6.064345	393.000000	441.933413	2.804766	4.000000	0.000000	0.000000	0.000000	0.000000
6.061996	394.000000	441.994217	2.804381	4.000000	0.000000	0.000000	0.000000	0.000000
3.029825	395.000000	442.055020	2.803995	2.000000	0.000000	0.000000	0.000000	0.000000
4.542979	396.000000	442.115823	2.803609	3.000000	0.000000	0.000000	0.000000	0.000000
6.054963	397.000000	442.176626	2.803224	4.000000	0.000000	0.000000	0.000000	0.000000
4.539467	398.000000	442.237430	2.802838	3.000000	0.000000	0.000000	0.000000	0.000000
4.537714	399.000000	442.298233	2.802453	3.000000	0.000000	0.000000	0.000000	0.000000
0.000000	400.000000	442.359036	2.802068	0.000000	0.000000	0.000000	0.000000	0.000000
4.534214	401.000000	442.419839	2.801683	3.000000	0.000000	0.000000	0.000000	0.000000
4.532466	402.000000	442.480643	2.801298	3.000000	0.000000	0.000000	0.000000	0.000000
4.530720	403.000000	442.541446	2.800913	3.000000	0.000000	0.000000	0.000000	0.000000
3.019317	404.000000	442.602249	2.800528	2.000000	0.000000	0.000000	0.000000	0.000000
1.509078	405.000000	442.663052	2.800143	1.000000	0.000000	0.000000	0.000000	0.000000
6.033990	406.000000	442.723856	2.799759	4.000000	0.000000	0.000000	0.000000	0.000000
1.507918	407.000000	442.784659	2.799374	1.000000	0.000000	0.000000	0.000000	0.000000
3.014678	408.000000	442.845462	2.798990	2.000000	0.000000	0.000000	0.000000	0.000000
3.013521	409.000000	442.906265	2.798606	2.000000	0.000000	0.000000	0.000000	0.000000
3.012365	410.000000	442.967069	2.798222	2.000000	0.000000	0.000000	0.000000	0.000000
6.022420	411.000000	443.027872	2.797838	4.000000	0.000000	0.000000	0.000000	0.000000
4.515085	412.000000	443.088675	2.797454	3.000000	0.000000	0.000000	0.000000	0.000000
1.504452	413.000000	443.149478	2.797070	1.000000	0.000000	0.000000	0.000000	0.000000
3.007753	414.000000	443.210282	2.796686	2.000000	0.000000	0.000000	0.000000	0.000000
6.013206	415.000000	443.271085	2.796302	4.000000	0.000000	0.000000	0.000000	0.000000
4.508181	416.000000	443.331888	2.795919	3.000000	0.000000	0.000000	0.000000	0.000000
4.506460	417.000000	443.392691	2.795535	3.000000	0.000000	0.000000	0.000000	0.000000
3.003160	418.000000	443.453495	2.795152	2.000000	0.000000	0.000000	0.000000	0.000000
6.004029	419.000000	443.514298	2.794769	4.000000	0.000000	0.000000	0.000000	0.000000
4.501305	420.000000	443.575101	2.794386	3.000000	0.000000	0.000000	0.000000	0.000000
4.499591	421.000000	443.635904	2.794003	3.000000	0.000000	0.000000	0.000000	0.000000
4.497878	422.000000	443.696708	2.793620	3.000000	0.000000	0.000000	0.000000	0.000000
2.997444	423.000000	443.757511	2.793237	2.000000	0.000000	0.000000	0.000000	0.000000
7.490761	424.000000	443.818314	2.792855	5.000000	0.000000	0.000000	0.000000	0.000000
1.497583	425.000000	443.879117	2.792472	1.000000	0.000000	0.000000	0.000000	0.000000
4.491043	426.000000	443.939921	2.792090	3.000000	0.000000	0.000000	0.000000	0.000000
2.992892	427.000000	444.000724	2.791707	2.000000	0.000000	0.000000	0.000000	0.000000
1.495879	428.000000	444.061527	2.791325	1.000000	0.000000	0.000000	0.000000	0.000000
7.476558	429.000000	444.122330	2.790943	5.000000	0.000000	0.000000	0.000000	0.000000
4.484236	430.000000	444.183134	2.790561	3.000000	0.000000	0.000000	0.000000	0.000000
2.988359	431.000000	444.243937	2.790179	2.000000	0.000000	0.000000	0.000000	0.000000
4.480842	432.000000	444.304740	2.789797	3.000000	0.000000	0.000000	0.000000	0.000000
2.986099	433.000000	444.365543	2.789415	2.000000	0.000000	0.000000	0.000000	0.000000
5.969941	434.000000	444.426347	2.789034	4.000000	0.000000	0.000000	0.000000	0.000000
5.967686	435.000000	444.487150	2.788652	4.000000	0.000000	0.000000	0.000000	0.000000
2.982717	436.000000	444.547953	2.788271	2.000000	0.000000	0.000000	0.000000	0.000000
1.490796	437.000000	444.608756	2.787889	1.000000	0.000000	0.000000	0.000000	0.000000
2.980468	438.000000	444.669560	2.787508	2.000000	0.000000	0.000000	0.000000	0.000000
4.469019	439.000000	444.730363	2.787127	3.000000	0.000000	0.000000	0.000000	0.000000
-1.489112	440.000000	444.791166	2.786746	-1.000000	0.000000	0.000000	0.000000	0.000000
1.488552	441.000000	444.851969	2.786365	1.000000	0.000000	0.000000	0.000000	0.000000
0.000000	442.000000	444.912773	2.785984	0.000000	0.000000	0.000000	0.000000	0.000000
0.000000	443.000000	444.973576	2.785604	0.000000	0.000000	0.000000	0.000000	0.000000
1.486875	444.000000	445.034379	2.785223	1.000000	0.000000	0.000000	0.000000	0.000000
-4.458950	445.000000	445.095182	2.784843	-3.000000	0.000000	0.000000	0.000000	0.000000
4.457278	446.000000	445.155986	2.784462	3.000000	0.000000	0.000000	0.000000	0.000000
4.455608	447.000000	445.216789	2.784082	3.000000	0.000000	0.000000	0.000000	0.000000
0.000000	448.000000	445.277592	2.783702	0.000000	0.000000	0.000000	0.000000	0.000000
2.968181	449.000000	445.338395	2.783322	2.000000	0.000000	0.000000	0.000000	0.000000
2.967071	450.000000	445.399199	2.782942	2.000000	0.000000	0.000000	0.000000	0.000000
2.965962	451.000000	445.460002	2.782562	2.000000	0.000000	0.000000	0.000000	0.000000
5.929707	452.000000	445.520805	2.782182	4.000000	0.000000	0.000000	0.000000	0.000000
4.445620	453.000000	445.581608	2.781802	3.000000	0.000000	0.000000	0.000000	0.000000
5.925281	454.000000	445.642412	2.781423	4.000000	0.000000	0.000000	0.000000	0.000000
0.000000	455.000000	445.703215	2.781043	0.000000	0.000000	0.000000	0.000000	0.000000
0.000000	456.000000	445.764018	2.780664	0.000000	0.000000	0.000000	0.000000	0.000000
1.479665	457.000000	445.824821	2.780285	1.000000	0.000000	0.000000	0.000000	0.000000
1.479114	458.000000	445.885625	2.779906	1.000000	0.000000	0.000000	0.000000	0.000000
1.478564	459.000000	445.946428	2.779527	1.000000	0.000000	0.000000	0.000000	0.000000
1.478014	460.000000	446.007231	2.779148	1.000000	0.000000	0.000000	0.000000	0.000000
2.954930	461.000000	446.068034	2.778769	2.000000	0.000000	0.000000	0.000000	0.000000
1.476917	462.000000	446.128838	2.778390	1.000000	0.000000	0.000000	0.000000	0.000000
1.476369	463.000000	446.189641	2.778012	1.000000	0.000000	0.000000	0.000000	0.000000
2.951643	464.000000	446.250444	2.777633	2.000000	0.000000	0.000000	0.000000	0.000000
4.425823	465.000000	446.311247	2.777255	3.000000	0.000000	0.000000	0.000000	0.000000
4.424184	466.000000	446.372051	2.776876	3.000000	0.000000	0.000000	0.000000	0.000000
2.948365	467.000000	446.432854	2.776498	2.000000	0.000000	0.000000	0.000000	0.000000
4.420912	468.000000	446.493657	2.776120	3.000000	0.000000	0.000000	0.000000	0.000000
4.419278	469.000000	446.554460	2.775742	3.000000	0.000000	0.000000	0.000000	0.000000
7.362742	470.000000	446.615264	2.775364	5.000000	0.000000	0.000000	0.000000	0.000000
8.832029	471.000000	446.676067	2.774986	6.000000	0.000000	0.000000	0.000000	0.000000
1.471462	472.000000	446.736870	2.774609	1.000000	0.000000	0.000000	0.000000	0.000000
1.470919	473.000000	446.797673	2.774231	1.000000	0.000000	0.000000	0.000000	0.000000
2.940755	474.000000	446.858477	2.773854	2.000000	0.000000	0.000000	0.000000	0.000000
1.469836	475.000000	446.919280	2.773476	1.000000	0.000000	0.000000	0.000000	0.000000
4.407885	476.000000	446.980083	2.773099	3.000000	0.000000	0.000000	0.000000	0.000000
7.343774	477.000000	447.040886	2.772722	5.000000	0.000000	0.000000	0.000000	0.000000
2.936430	478.000000	447.101690	2.772345	2.000000	0.000000	0.000000	0.000000	0.000000
1.467676	479.000000	447.162493	2.771968	1.000000	0.000000	0.000000	0.000000	0.000000
4.401411	480.000000	447.223296	2.771591	3.000000	0.000000	0.000000	0.000000	0.000000
5.866396	481.000000	447.284099	2.771214	4.000000	0.000000	0.000000	0.000000	0.000000
4.398184	482.000000	447.344903	2.770837	3.000000	0.000000	0.000000	0.000000	0.000000
7.327621	483.000000	447.405706	2.770461	5.000000	0.000000	0.000000	0.000000	0.000000
2.929976	484.000000	447.466509	2.770084	2.000000	0.000000	0.000000	0.000000	0.000000
5.857807	485.000000	447.527312	2.769708	4.000000	0.000000	0.000000	0.000000	0.000000
2.927833	486.000000	447.588116	2.769332	2.000000	0.000000	0.000000	0.000000	0.000000
1.463381	487.000000	447.648919	2.768956	1.000000	0.000000	0.000000	0.000000	0.000000
0.000000	488.000000	447.709722	2.768580	0.000000	0.000000	0.000000	0.000000	0.000000
-1.462313	489.000000	447.770525	2.768204	-1.000000	0.000000	0.000000	0.000000	0.000000
2.923560	490.000000	447.831329	2.767828	2.000000	0.000000	0.000000	0.000000	0.000000
4.383741	491.000000	447.892132	2.767452	3.000000	0.000000	0.000000	0.000000	0.000000
4.382145	492.000000	447.952935	2.767076	3.000000	0.000000	0.000000	0.000000	0.000000
0.000000	493.000000	448.013738	2.766701	0.000000	0.000000	0.000000	0.000000	0.000000
1.459652	494.000000	448.074542	2.766325	1.000000	0.000000	0.000000	0.000000	0.000000
2.918243	495.000000	448.135345	2.765950	2.000000	0.000000	0.000000	0.000000	0.000000
7.292957	496.000000	448.196148	2.765575	5.000000	0.000000	0.000000	0.000000	0.000000
8.748370	497.000000	448.256951	2.765200	6.000000	0.000000	0.000000	0.000000	0.000000
1.457533	498.000000	448.317755	2.764825	1.000000	0.000000	0.000000	0.000000	0.000000
7.285021	499.000000	448.378558	2.764450	5.000000	0.000000	0.000000	0.000000	0.000000
4.369429	500.000000	448.439361	2.764075	3.000000	0.000000	0.000000	0.000000	0.000000
0.000000	501.000000	448.500164	2.763700	0.000000	0.000000	0.000000	0.000000	0.000000
4.366266	502.000000	448.560968	2.763326	3.000000	0.000000	0.000000	0.000000	0.000000
5.819582	503.000000	448.621771	2.762951	4.000000	0.000000	0.000000	0.000000	0.000000
4.363109	504.000000	448.682574	2.762577	3.000000	0.000000	0.000000	0.000000	0.000000
2.907689	505.000000	448.743377	2.762202	2.000000	0.000000	0.000000	0.000000	0.000000
5.813278	506.000000	448.804181	2.761828	4.000000	0.000000	0.000000	0.000000	0.000000
7.263976	507.000000	448.864984	2.761454	5.000000	0.000000	0.000000	0.000000	0.000000
1.452272	508.000000	448.925787	2.761080	1.000000	0.000000	0.000000	0.000000	0.000000
1.451748	509.000000	448.986590	2.760706	1.000000	0.000000	0.000000	0.000000	0.000000
2.902451	510.000000	449.047394	2.760332	2.000000	0.000000	0.000000	0.000000	0.000000
-1.450703	511.000000	449.108197	2.759959	-1.000000	0.000000	0.000000	0.000000	0.000000
2.900364	512.000000	449.169000	2.759585	2.000000	0.000000	0.000000	0.000000	0.000000
5.798643	513.000000	449.229803	2.759211	4.000000	0.000000	0.000000	0.000000	0.000000
2.898280	514.000000	449.290606	2.758838	2.000000	0.000000	0.000000	0.000000	0.000000
2.897240	515.000000	449.351410	2.758465	2.000000	0.000000	0.000000	0.000000	0.000000
8.688603	516.000000	449.412213	2.758091	6.000000	0.000000	0.000000	0.000000	0.000000
4.342744	517.000000	449.473016	2.757718	3.000000	0.000000	0.000000	0.000000	0.000000
2.894126	518.000000	449.533819	2.757345	2.000000	0.000000	0.000000	0.000000	0.000000
2.893090	519.000000	449.594623	2.756972	2.000000	0.000000	0.000000	0.000000	0.000000
2.892055	520.000000	449.655426	2.756600	2.000000	0.000000	0.000000	0.000000	0.000000
5.782042	521.000000	449.716229	2.756227	4.000000	0.000000	0.000000	0.000000	0.000000
1.444994	522.000000	449.777032	2.755854	1.000000	0.000000	0.000000	0.000000	0.000000
7.222391	523.000000	449.837836	2.755482	5.000000	0.000000	0.000000	0.000000	0.000000
4.331889	524.000000	449.898639	2.755109	3.000000	0.000000	0.000000	0.000000	0.000000
4.330344	525.000000	449.959442	2.754737	3.000000	0.000000	0.000000	0.000000	0.000000
2.885867	526.000000	450.020245	2.754365	2.000000	0.000000	0.000000	0.000000	0.000000
2.884840	527.000000	450.081049	2.753993	2.000000	0.000000	0.000000	0.000000	0.000000
2.883813	528.000000	450.141852	2.753621	2.000000	0.000000	0.000000	0.000000	0.000000
2.882787	529.000000	450.202655	2.753249	2.000000	0.000000	0.000000	0.000000	0.000000
2.881763	530.000000	450.263458	2.752877	2.000000	0.000000	0.000000	0.000000	0.000000
5.761478	531.000000	450.324262	2.752505	4.000000	0.000000	0.000000	0.000000	0.000000
4.319575	532.000000	450.385065	2.752134	3.000000	0.000000	0.000000	0.000000	0.000000
4.318043	533.000000	450.445868	2.751762	3.000000	0.000000	0.000000	0.000000	0.000000
2.877675	534.000000	450.506671	2.751391	2.000000	0.000000	0.000000	0.000000	0.000000
2.876655	535.000000	450.567475	2.751020	2.000000	0.000000	0.000000	0.000000	0.000000
4.313455	536.000000	450.628278	2.750649	3.000000	0.000000	0.000000	0.000000	0.000000
2.874620	537.000000	450.689081	2.750277	2.000000	0.000000	0.000000	0.000000	0.000000
1.436802	538.000000	450.749884	2.749906	1.000000	0.000000	0.000000	0.000000	0.000000
2.872588	539.000000	450.810688	2.749536	2.000000	0.000000	0.000000	0.000000	0.000000
2.871574	540.000000	450.871491	2.749165	2.000000	0.000000	0.000000	0.000000	0.000000
4.305840	541.000000	450.932294	2.748794	3.000000	0.000000	0.000000	0.000000	0.000000
4.304322	542.000000	450.993097	2.748423	3.000000	0.000000	0.000000	0.000000	0.000000
0.000000	543.000000	451.053901	2.748053	0.000000	0.000000	0.000000	0.000000	0.000000
1.433763	544.000000	451.114704	2.747683	1.000000	0.000000	0.000000	0.000000	0.000000
4.299776	545.000000	451.175507	2.747312	3.000000	0.000000	0.000000	0.000000	0.000000
1.432755	546.000000	451.236310	2.746942	1.000000	0.000000	0.000000	0.000000	0.000000
0.000000	547.000000	451.297114	2.746572	0.000000	0.000000	0.000000	0.000000	0.000000
2.863496	548.000000	451.357917	2.746202	2.000000	0.000000	0.000000	0.000000	0.000000
2.862491	549.000000	451.418720	2.745832	2.000000	0.000000	0.000000	0.000000	0.000000
2.861486	550.000000	451.479523	2.745462	2.000000	0.000000	0.000000	0.000000	0.000000
4.290725	551.000000	451.540327	2.745093	3.000000	0.000000	0.000000	0.000000	0.000000
5.718962	552.000000	451.601130	2.744723	4.000000	0.000000	0.000000	0.000000	0.000000
4.287720	553.000000	451.661933	2.744353	3.000000	0.000000	0.000000	0.000000	0.000000
5.714960	554.000000	451.722736	2.743984	4.000000	0.000000	0.000000	0.000000	0.000000
4.284721	555.000000	451.783540	2.743615	3.000000	0.000000	0.000000	0.000000	0.000000
5.710965	556.000000	451.844343	2.743246	4.000000	0.000000	0.000000	0.000000	0.000000
5.708971	557.000000	451.905146	2.742876	4.000000	0.000000	0.000000	0.000000	0.000000
-1.426745	558.000000	451.965949	2.742507	-1.000000	0.000000	0.000000	0.000000	0.000000
5.704989	559.000000	452.026753	2.742139	4.000000	0.000000	0.000000	0.000000	0.000000
8.554501	560.000000	452.087556	2.741770	6.000000	0.000000	0.000000	0.000000	0.000000
2.850507	561.000000	452.148359	2.741401	2.000000	0.000000	0.000000	0.000000	0.000000
7.123788	562.000000	452.209162	2.741032	5.000000	0.000000	0.000000	0.000000	0.000000
0.000000	563.000000	452.269966	2.740664	0.000000	0.000000	0.000000	0.000000	0.000000
4.271301	564.000000	452.330769	2.740296	3.000000	0.000000	0.000000	0.000000	0.000000
2.846545	565.000000	452.391572	2.739927	2.000000	0.000000	0.000000	0.000000	0.000000
4.268335	566.000000	452.452375	2.739559	3.000000	0.000000	0.000000	0.000000	0.000000
2.844569	567.000000	452.513179	2.739191	2.000000	0.000000	0.000000	0.000000	0.000000
5.687167	568.000000	452.573982	2.738823	4.000000	0.000000	0.000000	0.000000	0.000000
5.685196	569.000000	452.634785	2.738455	4.000000	0.000000	0.000000	0.000000	0.000000
4.262421	570.000000	452.695588	2.738087	3.000000	0.000000	0.000000	0.000000	0.000000
4.260946	571.000000	452.756392	2.737719	3.000000	0.000000	0.000000	0.000000	0.000000
7.099122	572.000000	452.817195	2.737352	5.000000	0.000000	0.000000	0.000000	0.000000
5.677335	573.000000	452.877998	2.736984	4.000000	0.000000	0.000000	0.000000	0.000000
2.837687	574.000000	452.938801	2.736617	2.000000	0.000000	0.000000	0.000000	0.000000
8.510125	575.000000	452.999605	2.736250	6.000000	0.000000	0.000000	0.000000	0.000000
2.835730	576.000000	453.060408	2.735882	2.000000	0.000000	0.000000	0.000000	0.000000
4.252129	577.000000	453.121211	2.735515	3.000000	0.000000	0.000000	0.000000	0.000000
5.667553	578.000000	453.182014	2.735148	4.000000	0.000000	0.000000	0.000000	0.000000
4.249202	579.000000	453.242818	2.734781	3.000000	0.000000	0.000000	0.000000	0.000000
4.247741	580.000000	453.303621	2.734415	3.000000	0.000000	0.000000	0.000000	0.000000
2.830854	581.000000	453.364424	2.734048	2.000000	0.000000	0.000000	0.000000	0.000000
8.489644	582.000000	453.425227	2.733681	6.000000	0.000000	0.000000	0.000000	0.000000
4.243365	583.000000	453.486031	2.733315	3.000000	0.000000	0.000000	0.000000	0.000000
5.655880	584.000000	453.546834	2.732948	4.000000	0.000000	0.000000	0.000000	0.000000
2.826970	585.000000	453.607637	2.732582	2.000000	0.000000	0.000000	0.000000	0.000000
2.826002	586.000000	453.668440	2.732216	2.000000	0.000000	0.000000	0.000000	0.000000
7.062587	587.000000	453.729244	2.731849	5.000000	0.000000	0.000000	0.000000	0.000000
1.412034	588.000000	453.790047	2.731483	1.000000	0.000000	0.000000	0.000000	0.000000
2.823103	589.000000	453.850850	2.731118	2.000000	0.000000	0.000000	0.000000	0.000000
4.233207	590.000000	453.911653	2.730752	3.000000	0.000000	0.000000	0.000000	0.000000
2.821175	591.000000	453.972457	2.730386	2.000000	0.000000	0.000000	0.000000	0.000000
4.230318	592.000000	454.033260	2.730020	3.000000	0.000000	0.000000	0.000000	0.000000
2.819251	593.000000	454.094063	2.729655	2.000000	0.000000	0.000000	0.000000	0.000000
1.409145	594.000000	454.154866	2.729289	1.000000	0.000000	0.000000	0.000000	0.000000
7.043326	595.000000	454.215670	2.728924	5.000000	0.000000	0.000000	0.000000	0.000000
4.224558	596.000000	454.276473	2.728559	3.000000	0.000000	0.000000	0.000000	0.000000
5.630828	597.000000	454.337276	2.728193	4.000000	0.000000	0.000000	0.000000	0.000000
5.628914	598.000000	454.398079	2.727828	4.000000	0.000000	0.000000	0.000000	0.000000
9.847255	599.000000	454.458883	2.727463	7.000000	0.000000	0.000000	0.000000	0.000000
1.406273	600.000000	454.519686	2.727099	1.000000	0.000000	0.000000	0.000000	0.000000
5.623186	601.000000	454.580489	2.726734	4.000000	0.000000	0.000000	0.000000	0.000000
5.621280	602.000000	454.641292	2.726369	4.000000	0.000000	0.000000	0.000000	0.000000
2.809688	603.000000	454.702096	2.726005	2.000000	0.000000	0.000000	0.000000	0.000000
5.617474	604.000000	454.762899	2.725640	4.000000	0.000000	0.000000	0.000000	0.000000
8.423361	605.000000	454.823702	2.725276	6.000000	0.000000	0.000000	0.000000	0.000000
4.210257	606.000000	454.884505	2.724911	3.000000	0.000000	0.000000	0.000000	0.000000
4.208835	607.000000	454.945309	2.724547	3.000000	0.000000	0.000000	0.000000	0.000000
5.609886	608.000000	455.006112	2.724183	4.000000	0.000000	0.000000	0.000000	0.000000
2.803997	609.000000	455.066915	2.723819	2.000000	0.000000	0.000000	0.000000	0.000000
4.204577	610.000000	455.127718	2.723455	3.000000	0.000000	0.000000	0.000000	0.000000
5.604214	611.000000	455.188522	2.723092	4.000000	0.000000	0.000000	0.000000	0.000000
-1.400582	612.000000	455.249325	2.722728	-1.000000	0.000000	0.000000	0.000000	0.000000
5.600443	613.000000	455.310128	2.722364	4.000000	0.000000	0.000000	0.000000	0.000000
4.198920	614.000000	455.370931	2.722001	3.000000	0.000000	0.000000	0.000000	0.000000
6.995849	615.000000	455.431735	2.721637	5.000000	0.000000	0.000000	0.000000	0.000000
2.797400	616.000000	455.492538	2.721274	2.000000	0.000000	0.000000	0.000000	0.000000
4.194692	617.000000	455.553341	2.720911	3.000000	0.000000	0.000000	0.000000	0.000000
1.397762	618.000000	455.614144	2.720548	1.000000	0.000000	0.000000	0.000000	0.000000
0.000000	619.000000	455.674948	2.720185	0.000000	0.000000	0.000000	0.000000	0.000000
1.396826	620.000000	455.735751	2.719822	1.000000	0.000000	0.000000	0.000000	0.000000
2.792717	621.000000	455.796554	2.719459	2.000000	0.000000	0.000000	0.000000	0.000000
5.583566	622.000000	455.857357	2.719096	4.000000	0.000000	0.000000	0.000000	0.000000
5.581700	623.000000	455.918161	2.718734	4.000000	0.000000	0.000000	0.000000	0.000000
6.974795	624.000000	455.978964	2.718371	5.000000	0.000000	0.000000	0.000000	0.000000
5.577974	625.000000	456.039767	2.718009	4.000000	0.000000	0.000000	0.000000	0.000000
2.788057	626.000000	456.100570	2.717646	2.000000	0.000000	0.000000	0.000000	0.000000
4.180692	627.000000	456.161374	2.717284	3.000000	0.000000	0.000000	0.000000	0.000000
6.965499	628.000000	456.222177	2.716922	5.000000	0.000000	0.000000	0.000000	0.000000
0.000000	629.000000	456.282980	2.716560	0.000000	0.000000	0.000000	0.000000	0.000000
5.568692	630.000000	456.343783	2.716198	4.000000	0.000000	0.000000	0.000000	0.000000
4.175131	631.000000	456.404587	2.715836	3.000000	0.000000	0.000000	0.000000	0.000000
2.782496	632.000000	456.465390	2.715474	2.000000	0.000000	0.000000	0.000000	0.000000
1.390786	633.000000	456.526193	2.715113	1.000000	0.000000	0.000000	0.000000	0.000000
4.170975	634.000000	456.586996	2.714751	3.000000	0.000000	0.000000	0.000000	0.000000
6.949322	635.000000	456.647800	2.714390	5.000000	0.000000	0.000000	0.000000	0.000000
6.947020	636.000000	456.708603	2.714028	5.000000	0.000000	0.000000	0.000000	0.000000
4.166832	637.000000	456.769406	2.713667	3.000000	0.000000	0.000000	0.000000	0.000000
4.165454	638.000000	456.830209	2.713306	3.000000	0.000000	0.000000	0.000000	0.000000
4.164077	639.000000	456.891013	2.712945	3.000000	0.000000	0.000000	0.000000	0.000000
4.162702	640.000000	456.951816	2.712584	3.000000	0.000000	0.000000	0.000000	0.000000
5.548437	641.000000	457.012619	2.712223	4.000000	0.000000	0.000000	0.000000	0.000000
5.546606	642.000000	457.073422	2.711862	4.000000	0.000000	0.000000	0.000000	0.000000
2.772389	643.000000	457.134226	2.711501	2.000000	0.000000	0.000000	0.000000	0.000000
4.157214	644.000000	457.195029	2.711141	3.000000	0.000000	0.000000	0.000000	0.000000
4.155845	645.000000	457.255832	2.710780	3.000000	0.000000	0.000000	0.000000	0.000000
1.384826	646.000000	457.316635	2.710420	1.000000	0.000000	0.000000	0.000000	0.000000
8.306224	647.000000	457.377439	2.710059	6.000000	0.000000	0.000000	0.000000	0.000000
2.767832	648.000000	457.438242	2.709699	2.000000	0.000000	0.000000	0.000000	0.000000
4.150385	649.000000	457.499045	2.709339	3.000000	0.000000	0.000000	0.000000	0.000000
1.383008	650.000000	457.559848	2.708979	1.000000	0.000000	0.000000	0.000000	0.000000
4.147663	651.000000	457.620652	2.708619	3.000000	0.000000	0.000000	0.000000	0.000000
4.146304	652.000000	457.681455	2.708259	3.000000	0.000000	0.000000	0.000000	0.000000
4.144947	653.000000	457.742258	2.707899	3.000000	0.000000	0.000000	0.000000	0.000000
4.143591	654.000000	457.803061	2.707540	3.000000	0.000000	0.000000	0.000000	0.000000
6.903726	655.000000	457.863865	2.707180	5.000000	0.000000	0.000000	0.000000	0.000000
1.380294	656.000000	457.924668	2.706821	1.000000	0.000000	0.000000	0.000000	0.000000
4.139530	657.000000	457.985471	2.706461	3.000000	0.000000	0.000000	0.000000	0.000000
2.758787	658.000000	458.046274	2.706102	2.000000	0.000000	0.000000	0.000000	0.000000
4.136831	659.000000	458.107078	2.705743	3.000000	0.000000	0.000000	0.000000	0.000000
2.756988	660.000000	458.167881	2.705384	2.000000	0.000000	0.000000	0.000000	0.000000
6.890227	661.000000	458.228684	2.705025	5.000000	0.000000	0.000000	0.000000	0.000000
2.755194	662.000000	458.289487	2.704666	2.000000	0.000000	0.000000	0.000000	0.000000
9.640043	663.000000	458.350291	2.704307	7.000000	0.000000	0.000000	0.000000	0.000000
4.130105	664.000000	458.411094	2.703949	3.000000	0.000000	0.000000	0.000000	0.000000
2.752509	665.000000	458.471897	2.703590	2.000000	0.000000	0.000000	0.000000	0.000000
5.503232	666.000000	458.532700	2.703231	4.000000	0.000000	0.000000	0.000000	0.000000
8.252171	667.000000	458.593504	2.702873	6.000000	0.000000	0.000000	0.000000	0.000000
2.749832	668.000000	458.654307	2.702515	2.000000	0.000000	0.000000	0.000000	0.000000
2.748942	669.000000	458.715110	2.702156	2.000000	0.000000	0.000000	0.000000	0.000000
2.748052	670.000000	458.775913	2.701798	2.000000	0.000000	0.000000	0.000000	0.000000
4.120746	671.000000	458.836717	2.701440	3.000000	0.000000	0.000000	0.000000	0.000000
4.119414	672.000000	458.897520	2.701082	3.000000	0.000000	0.000000	0.000000	0.000000
6.863473	673.000000	458.958323	2.700725	5.000000	0.000000	0.000000	0.000000	0.000000
0.000000	674.000000	459.019126	2.700367	0.000000	0.000000	0.000000	0.000000	0.000000
2.743618	675.000000	459.079930	2.700009	2.000000	0.000000	0.000000	0.000000	0.000000
5.485468	676.000000	459.140733	2.699652	4.000000	0.000000	0.000000	0.000000	0.000000
1.370925	677.000000	459.201536	2.699294	1.000000	0.000000	0.000000	0.000000	0.000000
5.481937	678.000000	459.262339	2.698937	4.000000	0.000000	0.000000	0.000000	0.000000
5.480174	679.000000	459.323143	2.698579	4.000000	0.000000	0.000000	0.000000	0.000000
4.108810	680.000000	459.383946	2.698222	3.000000	0.000000	0.000000	0.000000	0.000000
1.369164	681.000000	459.444749	2.697865	1.000000	0.000000	0.000000	0.000000	0.000000
6.843621	682.000000	459.505552	2.697508	5.000000	0.000000	0.000000	0.000000	0.000000
6.841426	683.000000	459.566356	2.697151	5.000000	0.000000	0.000000	0.000000	0.000000
2.735693	684.000000	459.627159	2.696795	2.000000	0.000000	0.000000	0.000000	0.000000
4.102226	685.000000	459.687962	2.696438	3.000000	0.000000	0.000000	0.000000	0.000000
2.733942	686.000000	459.748765	2.696081	2.000000	0.000000	0.000000	0.000000	0.000000
4.099602	687.000000	459.809569	2.695725	3.000000	0.000000	0.000000	0.000000	0.000000
1.366097	688.000000	459.870372	2.695368	1.000000	0.000000	0.000000	0.000000	0.000000
8.193966	689.000000	459.931175	2.695012	6.000000	0.000000	0.000000	0.000000	0.000000
6.826126	690.000000	459.991978	2.694656	5.000000	0.000000	0.000000	0.000000	0.000000
2.729580	691.000000	460.052782	2.694300	2.000000	0.000000	0.000000	0.000000	0.000000
1.364355	692.000000	460.113585	2.693943	1.000000	0.000000	0.000000	0.000000	0.000000
5.455681	693.000000	460.174388	2.693588	4.000000	0.000000	0.000000	0.000000	0.000000
4.090459	694.000000	460.235191	2.693232	3.000000	0.000000	0.000000	0.000000	0.000000
1.363053	695.000000	460.295995	2.692876	1.000000	0.000000	0.000000	0.000000	0.000000
2.725239	696.000000	460.356798	2.692520	2.000000	0.000000	0.000000	0.000000	0.000000
4.086560	697.000000	460.417601	2.692165	3.000000	0.000000	0.000000	0.000000	0.000000
1.361754	698.000000	460.478404	2.691809	1.000000	0.000000	0.000000	0.000000	0.000000
6.806613	699.000000	460.539208	2.691454	5.000000	0.000000	0.000000	0.000000	0.000000
4.082674	700.000000	460.600011	2.691099	3.000000	0.000000	0.000000	0.000000	0.000000
5.441841	701.000000	460.660814	2.690743	4.000000	0.000000	0.000000	0.000000	0.000000
2.720059	702.000000	460.721617	2.690388	2.000000	0.000000	0.000000	0.000000	0.000000
4.078799	703.000000	460.782421	2.690033	3.000000	0.000000	0.000000	0.000000	0.000000
4.077510	704.000000	460.843224	2.689678	3.000000	0.000000	0.000000	0.000000	0.000000
4.076222	705.000000	460.904027	2.689323	3.000000	0.000000	0.000000	0.000000	0.000000
2.716624	706.000000	460.964830	2.688969	2.000000	0.000000	0.000000	0.000000	0.000000
6.789418	707.000000	461.025634	2.688614	5.000000	0.000000	0.000000	0.000000	0.000000
4.072367	708.000000	461.086437	2.688260	3.000000	0.000000	0.000000	0.000000	0.000000
6.785141	709.000000	461.147240	2.687905	5.000000	0.000000	0.000000	0.000000	0.000000
4.069804	710.000000	461.208043	2.687551	3.000000	0.000000	0.000000	0.000000	0.000000
-1.356175	711.000000	461.268847	2.687196	-1.000000	0.000000	0.000000	0.000000	0.000000
5.422994	712.000000	461.329650	2.686842	4.000000	0.000000	0.000000	0.000000	0.000000
5.421291	713.000000	461.390453	2.686488	4.000000	0.000000	0.000000	0.000000	0.000000
4.064692	714.000000	461.451256	2.686134	3.000000	0.000000	0.000000	0.000000	0.000000
8.126835	715.000000	461.512060	2.685780	6.000000	0.000000	0.000000	0.000000	0.000000
5.416192	716.000000	461.572863	2.685427	4.000000	0.000000	0.000000	0.000000	0.000000
6.768120	717.000000	461.633666	2.685073	5.000000	0.000000	0.000000	0.000000	0.000000
6.766003	718.000000	461.694469	2.684719	5.000000	0.000000	0.000000	0.000000	0.000000
2.705555	719.000000	461.755273	2.684366	2.000000	0.000000	0.000000	0.000000	0.000000
0.000000	720.000000	461.816076	2.684012	0.000000	0.000000	0.000000	0.000000	0.000000
1.351932	721.000000	461.876879	2.683659	1.000000	0.000000	0.000000	0.000000	0.000000
2.703021	722.000000	461.937682	2.683306	2.000000	0.000000	0.000000	0.000000	0.000000
2.702178	723.000000	461.998486	2.682953	2.000000	0.000000	0.000000	0.000000	0.000000
0.000000	724.000000	462.059289	2.682599	0.000000	0.000000	0.000000	0.000000	0.000000
4.050743	725.000000	462.120092	2.682247	3.000000	0.000000	0.000000	0.000000	0.000000
6.749137	726.000000	462.180895	2.681894	5.000000	0.000000	0.000000	0.000000	0.000000
5.397631	727.000000	462.241699	2.681541	4.000000	0.000000	0.000000	0.000000	0.000000
5.395954	728.000000	462.302502	2.681188	4.000000	0.000000	0.000000	0.000000	0.000000
4.045709	729.000000	462.363305	2.680836	3.000000	0.000000	0.000000	0.000000	0.000000
1.348151	730.000000	462.424108	2.680483	1.000000	0.000000	0.000000	0.000000	0.000000
2.695466	731.000000	462.484912	2.680131	2.000000	0.000000	0.000000	0.000000	0.000000
4.041947	732.000000	462.545715	2.679778	3.000000	0.000000	0.000000	0.000000	0.000000
0.000000	733.000000	462.606518	2.679426	0.000000	0.000000	0.000000	0.000000	0.000000
4.039445	734.000000	462.667321	2.679074	3.000000	0.000000	0.000000	0.000000	0.000000
2.692131	735.000000	462.728125	2.678722	2.000000	0.000000	0.000000	0.000000	0.000000
2.691299	736.000000	462.788928	2.678370	2.000000	0.000000	0.000000	0.000000	0.000000
4.035703	737.000000	462.849731	2.678018	3.000000	0.000000	0.000000	0.000000	0.000000
0.000000	738.000000	462.910534	2.677666	0.000000	0.000000	0.000000	0.000000	0.000000
2.688809	739.000000	462.971338	2.677315	2.000000	0.000000	0.000000	0.000000	0.000000
4.031971	740.000000	463.032141	2.676963	3.000000	0.000000	0.000000	0.000000	0.000000
1.343577	741.000000	463.092944	2.676612	1.000000	0.000000	0.000000	0.000000	0.000000
-1.343163	742.000000	463.153747	2.676260	-1.000000	0.000000	0.000000	0.000000	0.000000
1.342751	743.000000	463.214551	2.675909	1.000000	0.000000	0.000000	0.000000	0.000000
1.342338	744.000000	463.275354	2.675558	1.000000	0.000000	0.000000	0.000000	0.000000
8.051556	745.000000	463.336157	2.675207	6.000000	0.000000	0.000000	0.000000	0.000000
4.024543	746.000000	463.396960	2.674856	3.000000	0.000000	0.000000	0.000000	0.000000
8.046619	747.000000	463.457764	2.674505	6.000000	0.000000	0.000000	0.000000	0.000000
1.340692	748.000000	463.518567	2.674154	1.000000	0.000000	0.000000	0.000000	0.000000
0.000000	749.000000	463.579370	2.673803	0.000000	0.000000	0.000000	0.000000	0.000000
6.699360	750.000000	463.640173	2.673453	5.000000	0.000000	0.000000	0.000000	0.000000
0.000000	751.000000	463.700977	2.673102	0.000000	0.000000	0.000000	0.000000	0.000000
4.017160	752.000000	463.761780	2.672752	3.000000	0.000000	0.000000	0.000000	0.000000
0.000000	753.000000	463.822583	2.672401	0.000000	0.000000	0.000000	0.000000	0.000000
4.014709	754.000000	463.883386	2.672051	3.000000	0.000000	0.000000	0.000000	0.000000
2.675657	755.000000	463.944190	2.671701	2.000000	0.000000	0.000000	0.000000	0.000000
2.674842	756.000000	464.004993	2.671351	2.000000	0.000000	0.000000	0.000000	0.000000
4.011042	757.000000	464.065796	2.671001	3.000000	0.000000	0.000000	0.000000	0.000000
4.009823	758.000000	464.126599	2.670651	3.000000	0.000000	0.000000	0.000000	0.000000
6.681007	759.000000	464.187403	2.670301	5.000000	0.000000	0.000000	0.000000	0.000000
2.671591	760.000000	464.248206	2.669951	2.000000	0.000000	0.000000	0.000000	0.000000
4.006171	761.000000	464.309009	2.669601	3.000000	0.000000	0.000000	0.000000	0.000000
1.334985	762.000000	464.369812	2.669252	1.000000	0.000000	0.000000	0.000000	0.000000
5.338323	763.000000	464.430616	2.668902	4.000000	0.000000	0.000000	0.000000	0.000000
5.336706	764.000000	464.491419	2.668553	4.000000	0.000000	0.000000	0.000000	0.000000
5.335092	765.000000	464.552222	2.668204	4.000000	0.000000	0.000000	0.000000	0.000000
4.000109	766.000000	464.613025	2.667855	3.000000	0.000000	0.000000	0.000000	0.000000
3.998900	767.000000	464.673829	2.667506	3.000000	0.000000	0.000000	0.000000	0.000000
6.662821	768.000000	464.734632	2.667157	5.000000	0.000000	0.000000	0.000000	0.000000
5.328649	769.000000	464.795435	2.666808	4.000000	0.000000	0.000000	0.000000	0.000000
5.327042	770.000000	464.856238	2.666459	4.000000	0.000000	0.000000	0.000000	0.000000
7.988156	771.000000	464.917042	2.666110	6.000000	0.000000	0.000000	0.000000	0.000000
5.323834	772.000000	464.977845	2.665761	4.000000	0.000000	0.000000	0.000000	0.000000
5.322233	773.000000	465.038648	2.665413	4.000000	0.000000	0.000000	0.000000	0.000000
3.990475	774.000000	465.099451	2.665064	3.000000	0.000000	0.000000	0.000000	0.000000
7.978552	775.000000	465.160255	2.664716	6.000000	0.000000	0.000000	0.000000	0.000000
3.988078	776.000000	465.221058	2.664368	3.000000	0.000000	0.000000	0.000000	0.000000
5.315843	777.000000	465.281861	2.664020	4.000000	0.000000	0.000000	0.000000	0.000000
3.985687	778.000000	465.342664	2.663672	3.000000	0.000000	0.000000	0.000000	0.000000
3.984493	779.000000	465.403468	2.663324	3.000000	0.000000	0.000000	0.000000	0.000000
5.311068	780.000000	465.464271	2.662976	4.000000	0.000000	0.000000	0.000000	0.000000
3.982109	781.000000	465.525074	2.662628	3.000000	0.000000	0.000000	0.000000	0.000000
2.653946	782.000000	465.585877	2.662280	2.000000	0.000000	0.000000	0.000000	0.000000
3.979730	783.000000	465.646681	2.661932	3.000000	0.000000	0.000000	0.000000	0.000000
6.630904	784.000000	465.707484	2.661585	5.000000	0.000000	0.000000	0.000000	0.000000
0.000000	785.000000	465.768287	2.661237	0.000000	0.000000	0.000000	0.000000	0.000000
6.626951	786.000000	465.829090	2.660890	5.000000	0.000000	0.000000	0.000000	0.000000
5.299982	787.000000	465.889894	2.660543	4.000000	0.000000	0.000000	0.000000	0.000000
3.973804	788.000000	465.950697	2.660196	3.000000	0.000000	0.000000	0.000000	0.000000
1.324207	789.000000	466.011500	2.659849	1.000000	0.000000	0.000000	0.000000	0.000000
5.295256	790.000000	466.072303	2.659502	4.000000	0.000000	0.000000	0.000000	0.000000
2.646842	791.000000	466.133107	2.659155	2.000000	0.000000	0.000000	0.000000	0.000000
3.969085	792.000000	466.193910	2.658808	3.000000	0.000000	0.000000	0.000000	0.000000
3.967908	793.000000	466.254713	2.658461	3.000000	0.000000	0.000000	0.000000	0.000000
3.966733	794.000000	466.315516	2.658114	3.000000	0.000000	0.000000	0.000000	0.000000
5.287411	795.000000	466.376320	2.657768	4.000000	0.000000	0.000000	0.000000	0.000000
5.285847	796.000000	466.437123	2.657421	4.000000	0.000000	0.000000	0.000000	0.000000
5.284284	797.000000	466.497926	2.657075	4.000000	0.000000	0.000000	0.000000	0.000000
6.603404	798.000000	466.558729	2.656729	5.000000	0.000000	0.000000	0.000000	0.000000
5.281164	799.000000	466.619533	2.656383	4.000000	0.000000	0.000000	0.000000	0.000000
3.959705	800.000000	466.680336	2.656036	3.000000	0.000000	0.000000	0.000000	0.000000
5.278050	801.000000	466.741139	2.655690	4.000000	0.000000	0.000000	0.000000	0.000000
3.957372	802.000000	466.801942	2.655345	3.000000	0.000000	0.000000	0.000000	0.000000
2.637471	803.000000	466.862746	2.654999	2.000000	0.000000	0.000000	0.000000	0.000000
3.955044	804.000000	466.923549	2.654653	3.000000	0.000000	0.000000	0.000000	0.000000
1.317960	805.000000	466.984352	2.654307	1.000000	0.000000	0.000000	0.000000	0.000000
5.270294	806.000000	467.045155	2.653962	4.000000	0.000000	0.000000	0.000000	0.000000
2.634373	807.000000	467.105959	2.653616	2.000000	0.000000	0.000000	0.000000	0.000000
3.950402	808.000000	467.166762	2.653271	3.000000	0.000000	0.000000	0.000000	0.000000
6.582073	809.000000	467.227565	2.652926	5.000000	0.000000	0.000000	0.000000	0.000000
2.632058	810.000000	467.288368	2.652580	2.000000	0.000000	0.000000	0.000000	0.000000
2.631288	811.000000	467.349172	2.652235	2.000000	0.000000	0.000000	0.000000	0.000000
5.261038	812.000000	467.409975	2.651890	4.000000	0.000000	0.000000	0.000000	0.000000
1.314875	813.000000	467.470778	2.651545	1.000000	0.000000	0.000000	0.000000	0.000000
5.257966	814.000000	467.531581	2.651201	4.000000	0.000000	0.000000	0.000000	0.000000
1.314108	815.000000	467.592385	2.650856	1.000000	0.000000	0.000000	0.000000	0.000000
7.882350	816.000000	467.653188	2.650511	6.000000	0.000000	0.000000	0.000000	0.000000
5.253369	817.000000	467.713991	2.650167	4.000000	0.000000	0.000000	0.000000	0.000000
3.938880	818.000000	467.774794	2.649822	3.000000	0.000000	0.000000	0.000000	0.000000
9.188047	819.000000	467.835598	2.649478	7.000000	0.000000	0.000000	0.000000	0.000000
3.936590	820.000000	467.896401	2.649133	3.000000	0.000000	0.000000	0.000000	0.000000
3.935447	821.000000	467.957204	2.648789	3.000000	0.000000	0.000000	0.000000	0.000000
3.934305	822.000000	468.018007	2.648445	3.000000	0.000000	0.000000	0.000000	0.000000
7.866328	823.000000	468.078811	2.648101	6.000000	0.000000	0.000000	0.000000	0.000000
3.932024	824.000000	468.139614	2.647757	3.000000	0.000000	0.000000	0.000000	0.000000
5.241181	825.000000	468.200417	2.647413	4.000000	0.000000	0.000000	0.000000	0.000000
1.309916	826.000000	468.261220	2.647070	1.000000	0.000000	0.000000	0.000000	0.000000
6.547687	827.000000	468.322024	2.646726	5.000000	0.000000	0.000000	0.000000	0.000000
2.618318	828.000000	468.382827	2.646382	2.000000	0.000000	0.000000	0.000000	0.000000
2.617562	829.000000	468.443630	2.646039	2.000000	0.000000	0.000000	0.000000	0.000000
5.233614	830.000000	468.504433	2.645695	4.000000	0.000000	0.000000	0.000000	0.000000
3.924079	831.000000	468.565237	2.645352	3.000000	0.000000	0.000000	0.000000	0.000000
7.845898	832.000000	468.626040	2.645009	6.000000	0.000000	0.000000	0.000000	0.000000
5.229093	833.000000	468.686843	2.644666	4.000000	0.000000	0.000000	0.000000	0.000000
1.306897	834.000000	468.747646	2.644323	1.000000	0.000000	0.000000	0.000000	0.000000
3.919565	835.000000	468.808450	2.643980	3.000000	0.000000	0.000000	0.000000	0.000000
5.224586	836.000000	468.869253	2.643637	4.000000	0.000000	0.000000	0.000000	0.000000
5.223087	837.000000	468.930056	2.643294	4.000000	0.000000	0.000000	0.000000	0.000000
5.221589	838.000000	468.990859	2.642951	4.000000	0.000000	0.000000	0.000000	0.000000
5.220093	839.000000	469.051663	2.642609	4.000000	0.000000	0.000000	0.000000	0.000000
5.218598	840.000000	469.112466	2.642266	4.000000	0.000000	0.000000	0.000000	0.000000
2.608552	841.000000	469.173269	2.641924	2.000000	0.000000	0.000000	0.000000	0.000000
1.303903	842.000000	469.234072	2.641581	1.000000	0.000000	0.000000	0.000000	0.000000
2.607062	843.000000	469.294876	2.641239	2.000000	0.000000	0.000000	0.000000	0.000000
3.909476	844.000000	469.355679	2.640897	3.000000	0.000000	0.000000	0.000000	0.000000
5.211148	845.000000	469.416482	2.640555	4.000000	0.000000	0.000000	0.000000	0.000000
9.116910	846.000000	469.477285	2.640213	7.000000	0.000000	0.000000	0.000000	0.000000
1.302045	847.000000	469.538089	2.639871	1.000000	0.000000	0.000000	0.000000	0.000000
6.508371	848.000000	469.598892	2.639529	5.000000	0.000000	0.000000	0.000000	0.000000
3.903912	849.000000	469.659695	2.639188	3.000000	0.000000	0.000000	0.000000	0.000000
5.203737	850.000000	469.720498	2.638846	4.000000	0.000000	0.000000	0.000000	0.000000
0.000000	851.000000	469.781302	2.638504	0.000000	0.000000	0.000000	0.000000	0.000000
2.600391	852.000000	469.842105	2.638163	2.000000	0.000000	0.000000	0.000000	0.000000
5.199308	853.000000	469.902908	2.637822	4.000000	0.000000	0.000000	0.000000	0.000000
3.898377	854.000000	469.963711	2.637480	3.000000	0.000000	0.000000	0.000000	0.000000
5.196364	855.000000	470.024515	2.637139	4.000000	0.000000	0.000000	0.000000	0.000000
2.597447	856.000000	470.085318	2.636798	2.000000	0.000000	0.000000	0.000000	0.000000
2.596713	857.000000	470.146121	2.636457	2.000000	0.000000	0.000000	0.000000	0.000000
5.191958	858.000000	470.206924	2.636116	4.000000	0.000000	0.000000	0.000000	0.000000
1.297623	859.000000	470.267728	2.635775	1.000000	0.000000	0.000000	0.000000	0.000000
2.594515	860.000000	470.328531	2.635434	2.000000	0.000000	0.000000	0.000000	0.000000
3.890675	861.000000	470.389334	2.635094	3.000000	0.000000	0.000000	0.000000	0.000000
5.186106	862.000000	470.450137	2.634753	4.000000	0.000000	0.000000	0.000000	0.000000
5.184647	863.000000	470.510941	2.634413	4.000000	0.000000	0.000000	0.000000	0.000000
5.183189	864.000000	470.571744	2.634072	4.000000	0.000000	0.000000	0.000000	0.000000
7.772599	865.000000	470.632547	2.633732	6.000000	0.000000	0.000000	0.000000	0.000000
5.180278	866.000000	470.693350	2.633392	4.000000	0.000000	0.000000	0.000000	0.000000
5.178824	867.000000	470.754154	2.633052	4.000000	0.000000	0.000000	0.000000	0.000000
1.294343	868.000000	470.814957	2.632712	1.000000	0.000000	0.000000	0.000000	0.000000
3.881942	869.000000	470.875760	2.632372	3.000000	0.000000	0.000000	0.000000	0.000000
2.587237	870.000000	470.936563	2.632032	2.000000	0.000000	0.000000	0.000000	0.000000
5.173027	871.000000	470.997367	2.631692	4.000000	0.000000	0.000000	0.000000	0.000000
5.171581	872.000000	471.058170	2.631352	4.000000	0.000000	0.000000	0.000000	0.000000
2.585068	873.000000	471.118973	2.631013	2.000000	0.000000	0.000000	0.000000	0.000000
6.460867	874.000000	471.179776	2.630673	5.000000	0.000000	0.000000	0.000000	0.000000
6.459066	875.000000	471.240580	2.630334	5.000000	0.000000	0.000000	0.000000	0.000000
3.874360	876.000000	471.301383	2.629994	3.000000	0.000000	0.000000	0.000000	0.000000
-1.291094	877.000000	471.362186	2.629655	-1.000000	0.000000	0.000000	0.000000	0.000000
5.162938	878.000000	471.422989	2.629316	4.000000	0.000000	0.000000	0.000000	0.000000
6.451879	879.000000	471.483793	2.628977	5.000000	0.000000	0.000000	0.000000	0.000000
6.450087	880.000000	471.544596	2.628638	5.000000	0.000000	0.000000	0.000000	0.000000
5.158637	881.000000	471.605399	2.628299	4.000000	0.000000	0.000000	0.000000	0.000000
2.578603	882.000000	471.666202	2.627960	2.000000	0.000000	0.000000	0.000000	0.000000
9.022610	883.000000	471.727006	2.627621	7.000000	0.000000	0.000000	0.000000	0.000000
6.442937	884.000000	471.787809	2.627283	5.000000	0.000000	0.000000	0.000000	0.000000
9.017616	885.000000	471.848612	2.626944	7.000000	0.000000	0.000000	0.000000	0.000000
5.151499	886.000000	471.909415	2.626606	4.000000	0.000000	0.000000	0.000000	0.000000
6.437594	887.000000	471.970219	2.626267	5.000000	0.000000	0.000000	0.000000	0.000000
3.861490	888.000000	472.031022	2.625929	3.000000	0.000000	0.000000	0.000000	0.000000
6.434042	889.000000	472.091825	2.625591	5.000000	0.000000	0.000000	0.000000	0.000000
6.432268	890.000000	472.152628	2.625253	5.000000	0.000000	0.000000	0.000000	0.000000
5.144397	891.000000	472.213432	2.624915	4.000000	0.000000	0.000000	0.000000	0.000000
2.571491	892.000000	472.274235	2.624577	2.000000	0.000000	0.000000	0.000000	0.000000
2.570784	893.000000	472.335038	2.624239	2.000000	0.000000	0.000000	0.000000	0.000000
3.855116	894.000000	472.395841	2.623901	3.000000	0.000000	0.000000	0.000000	0.000000
2.569372	895.000000	472.456645	2.623563	2.000000	0.000000	0.000000	0.000000	0.000000
3.853000	896.000000	472.517448	2.623226	3.000000	0.000000	0.000000	0.000000	0.000000
5.135925	897.000000	472.578251	2.622888	4.000000	0.000000	0.000000	0.000000	0.000000
3.850888	898.000000	472.639054	2.622551	3.000000	0.000000	0.000000	0.000000	0.000000
1.283278	899.000000	472.699858	2.622214	1.000000	0.000000	0.000000	0.000000	0.000000
6.414635	900.000000	472.760661	2.621876	5.000000	0.000000	0.000000	0.000000	0.000000
7.695459	901.000000	472.821464	2.621539	6.000000	0.000000	0.000000	0.000000	0.000000
5.128905	902.000000	472.882267	2.621202	4.000000	0.000000	0.000000	0.000000	0.000000
6.409382	903.000000	472.943071	2.620865	5.000000	0.000000	0.000000	0.000000	0.000000
5.126107	904.000000	473.003874	2.620528	4.000000	0.000000	0.000000	0.000000	0.000000
3.843533	905.000000	473.064677	2.620191	3.000000	0.000000	0.000000	0.000000	0.000000
1.280829	906.000000	473.125480	2.619855	1.000000	0.000000	0.000000	0.000000	0.000000
3.841441	907.000000	473.186284	2.619518	3.000000	0.000000	0.000000	0.000000	0.000000
3.840397	908.000000	473.247087	2.619181	3.000000	0.000000	0.000000	0.000000	0.000000
5.119139	909.000000	473.307890	2.618845	4.000000	0.000000	0.000000	0.000000	0.000000
2.558875	910.000000	473.368693	2.618509	2.000000	0.000000	0.000000	0.000000	0.000000
7.674542	911.000000	473.429497	2.618172	6.000000	0.000000	0.000000	0.000000	0.000000
3.836231	912.000000	473.490300	2.617836	3.000000	0.000000	0.000000	0.000000	0.000000
3.835193	913.000000	473.551103	2.617500	3.000000	0.000000	0.000000	0.000000	0.000000
5.112207	914.000000	473.611906	2.617164	4.000000	0.000000	0.000000	0.000000	0.000000
5.110825	915.000000	473.672710	2.616828	4.000000	0.000000	0.000000	0.000000	0.000000
5.109444	916.000000	473.733513	2.616492	4.000000	0.000000	0.000000	0.000000	0.000000
5.108065	917.000000	473.794316	2.616156	4.000000	0.000000	0.000000	0.000000	0.000000
2.553344	918.000000	473.855119	2.615821	2.000000	0.000000	0.000000	0.000000	0.000000
2.552655	919.000000	473.915923	2.615485	2.000000	0.000000	0.000000	0.000000	0.000000
7.655904	920.000000	473.976726	2.615150	6.000000	0.000000	0.000000	0.000000	0.000000
5.102563	921.000000	474.037529	2.614814	4.000000	0.000000	0.000000	0.000000	0.000000
1.275298	922.000000	474.098332	2.614479	1.000000	0.000000	0.000000	0.000000	0.000000
5.099820	923.000000	474.159136	2.614143	4.000000	0.000000	0.000000	0.000000	0.000000
7.647677	924.000000	474.219939	2.613808	6.000000	0.000000	0.000000	0.000000	0.000000
2.548542	925.000000	474.280742	2.613473	2.000000	0.000000	0.000000	0.000000	0.000000
2.547859	926.000000	474.341545	2.613138	2.000000	0.000000	0.000000	0.000000	0.000000
2.547177	927.000000	474.402349	2.612803	2.000000	0.000000	0.000000	0.000000	0.000000
1.273247	928.000000	474.463152	2.612468	1.000000	0.000000	0.000000	0.000000	0.000000
3.818721	929.000000	474.523955	2.612134	3.000000	0.000000	0.000000	0.000000	0.000000
3.817701	930.000000	474.584758	2.611799	3.000000	0.000000	0.000000	0.000000	0.000000
2.544454	931.000000	474.645562	2.611464	2.000000	0.000000	0.000000	0.000000	0.000000
1.271888	932.000000	474.706365	2.611130	1.000000	0.000000	0.000000	0.000000	0.000000
2.543098	933.000000	474.767168	2.610796	2.000000	0.000000	0.000000	0.000000	0.000000
3.813630	934.000000	474.827971	2.610461	3.000000	0.000000	0.000000	0.000000	0.000000
2.541744	935.000000	474.888775	2.610127	2.000000	0.000000	0.000000	0.000000	0.000000
1.270534	936.000000	474.949578	2.609793	1.000000	0.000000	0.000000	0.000000	0.000000
5.080785	937.000000	475.010381	2.609459	4.000000	0.000000	0.000000	0.000000	0.000000
0.000000	938.000000	475.071184	2.609125	0.000000	0.000000	0.000000	0.000000	0.000000
5.078089	939.000000	475.131988	2.608791	4.000000	0.000000	0.000000	0.000000	0.000000
3.807557	940.000000	475.192791	2.608457	3.000000	0.000000	0.000000	0.000000	0.000000
2.537699	941.000000	475.253594	2.608123	2.000000	0.000000	0.000000	0.000000	0.000000
5.074055	942.000000	475.314397	2.607790	4.000000	0.000000	0.000000	0.000000	0.000000
2.536357	943.000000	475.375201	2.607456	2.000000	0.000000	0.000000	0.000000	0.000000
3.803529	944.000000	475.436004	2.607123	3.000000	0.000000	0.000000	0.000000	0.000000
3.802525	945.000000	475.496807	2.606789	3.000000	0.000000	0.000000	0.000000	0.000000
3.801522	946.000000	475.557610	2.606456	3.000000	0.000000	0.000000	0.000000	0.000000
5.067360	947.000000	475.618414	2.606123	4.000000	0.000000	0.000000	0.000000	0.000000
5.066025	948.000000	475.679217	2.605790	4.000000	0.000000	0.000000	0.000000	0.000000
5.064692	949.000000	475.740020	2.605457	4.000000	0.000000	0.000000	0.000000	0.000000
3.797520	950.000000	475.800823	2.605124	3.000000	0.000000	0.000000	0.000000	0.000000
3.796522	951.000000	475.861627	2.604791	3.000000	0.000000	0.000000	0.000000	0.000000
8.856226	952.000000	475.922430	2.604458	7.000000	0.000000	0.000000	0.000000	0.000000
1.264843	953.000000	475.983233	2.604125	1.000000	0.000000	0.000000	0.000000	0.000000
2.529023	954.000000	476.044036	2.603793	2.000000	0.000000	0.000000	0.000000	0.000000
3.792541	955.000000	476.104840	2.603460	3.000000	0.000000	0.000000	0.000000	0.000000
1.263850	956.000000	476.165643	2.603128	1.000000	0.000000	0.000000	0.000000	0.000000
2.527038	957.000000	476.226446	2.602795	2.000000	0.000000	0.000000	0.000000	0.000000
5.052756	958.000000	476.287249	2.602463	4.000000	0.000000	0.000000	0.000000	0.000000
3.788577	959.000000	476.348052	2.602131	3.000000	0.000000	0.000000	0.000000	0.000000
6.312648	960.000000	476.408856	2.601799	5.000000	0.000000	0.000000	0.000000	0.000000
1.262201	961.000000	476.469659	2.601467	1.000000	0.000000	0.000000	0.000000	0.000000
3.785615	962.000000	476.530462	2.601135	3.000000	0.000000	0.000000	0.000000	0.000000
2.523087	963.000000	476.591265	2.600803	2.000000	0.000000	0.000000	0.000000	0.000000
2.522431	964.000000	476.652069	2.600471	2.000000	0.000000	0.000000	0.000000	0.000000
6.304438	965.000000	476.712872	2.600140	5.000000	0.000000	0.000000	0.000000	0.000000
2.521120	966.000000	476.773675	2.599808	2.000000	0.000000	0.000000	0.000000	0.000000
5.040933	967.000000	476.834478	2.599476	4.000000	0.000000	0.000000	0.000000	0.000000
2.519813	968.000000	476.895282	2.599145	2.000000	0.000000	0.000000	0.000000	0.000000
5.038321	969.000000	476.956085	2.598814	4.000000	0.000000	0.000000	0.000000	0.000000
2.518508	970.000000	477.016888	2.598482	2.000000	0.000000	0.000000	0.000000	0.000000
3.776786	971.000000	477.077691	2.598151	3.000000	0.000000	0.000000	0.000000	0.000000
3.775810	972.000000	477.138495	2.597820	3.000000	0.000000	0.000000	0.000000	0.000000
5.033114	973.000000	477.199298	2.597489	4.000000	0.000000	0.000000	0.000000	0.000000
3.773861	974.000000	477.260101	2.597158	3.000000	0.000000	0.000000	0.000000	0.000000
7.545777	975.000000	477.320904	2.596827	6.000000	0.000000	0.000000	0.000000	0.000000
1.257306	976.000000	477.381708	2.596497	1.000000	0.000000	0.000000	0.000000	0.000000
3.770946	977.000000	477.442511	2.596166	3.000000	0.000000	0.000000	0.000000	0.000000
1.256659	978.000000	477.503314	2.595835	1.000000	0.000000	0.000000	0.000000	0.000000
7.538016	979.000000	477.564117	2.595505	6.000000	0.000000	0.000000	0.000000	0.000000
3.768041	980.000000	477.624921	2.595174	3.000000	0.000000	0.000000	0.000000	0.000000
2.511383	981.000000	477.685724	2.594844	2.000000	0.000000	0.000000	0.000000	0.000000
5.021478	982.000000	477.746527	2.594514	4.000000	0.000000	0.000000	0.000000	0.000000
3.765144	983.000000	477.807330	2.594184	3.000000	0.000000	0.000000	0.000000	0.000000
1.254727	984.000000	477.868134	2.593854	1.000000	0.000000	0.000000	0.000000	0.000000
2.508812	985.000000	477.928937	2.593524	2.000000	0.000000	0.000000	0.000000	0.000000
5.016343	986.000000	477.989740	2.593194	4.000000	0.000000	0.000000	0.000000	0.000000
2.507531	987.000000	478.050543	2.592864	2.000000	0.000000	0.000000	0.000000	0.000000
5.013783	988.000000	478.111347	2.592534	4.000000	0.000000	0.000000	0.000000	0.000000
2.506253	989.000000	478.172150	2.592205	2.000000	0.000000	0.000000	0.000000	0.000000
5.011229	990.000000	478.232953	2.591875	4.000000	0.000000	0.000000	0.000000	0.000000
2.504977	991.000000	478.293756	2.591545	2.000000	0.000000	0.000000	0.000000	0.000000
2.504340	992.000000	478.354560	2.591216	2.000000	0.000000	0.000000	0.000000	0.000000
1.251852	993.000000	478.415363	2.590887	1.000000	0.000000	0.000000	0.000000	0.000000
5.006137	994.000000	478.476166	2.590557	4.000000	0.000000	0.000000	0.000000	0.000000
6.256085	995.000000	478.536969	2.590228	5.000000	0.000000	0.000000	0.000000	0.000000
0.000000	996.000000	478.597773	2.589899	0.000000	0.000000	0.000000	0.000000	0.000000
5.002333	997.000000	478.658576	2.589570	4.000000	0.000000	0.000000	0.000000	0.000000
5.001067	998.000000	478.719379	2.589241	4.000000	0.000000	0.000000	0.000000	0.000000
1.249951	999.000000	478.780182	2.588913	1.000000	0.000000	0.000000	0.000000	0.000000
1.249635	1000.000000	478.840986	2.588584	1.000000	0.000000	0.000000	0.000000	0.000000
1.249320	1001.000000	478.901789	2.588255	1.000000	0.000000	0.000000	0.000000	0.000000
3.747014	1002.000000	478.962592	2.587927	3.000000	0.000000	0.000000	0.000000	0.000000
3.746070	1003.000000	479.023395	2.587598	3.000000	0.000000	0.000000	0.000000	0.000000
8.738630	1004.000000	479.084199	2.587270	7.000000	0.000000	0.000000	0.000000	0.000000
0.000000	1005.000000	479.145002	2.586941	0.000000	0.000000	0.000000	0.000000	0.000000
6.238740	1006.000000	479.205805	2.586613	5.000000	0.000000	0.000000	0.000000	0.000000
2.494869	1007.000000	479.266608	2.586285	2.000000	0.000000	0.000000	0.000000	0.000000
3.741365	1008.000000	479.327412	2.585957	3.000000	0.000000	0.000000	0.000000	0.000000
3.740427	1009.000000	479.388215	2.585629	3.000000	0.000000	0.000000	0.000000	0.000000
3.739490	1010.000000	479.449018	2.585301	3.000000	0.000000	0.000000	0.000000	0.000000
-1.246185	1011.000000	479.509821	2.584973	-1.000000	0.000000	0.000000	0.000000	0.000000
4.983493	1012.000000	479.570625	2.584645	4.000000	0.000000	0.000000	0.000000	0.000000
2.491124	1013.000000	479.631428	2.584318	2.000000	0.000000	0.000000	0.000000	0.000000
7.471505	1014.000000	479.692231	2.583990	6.000000	0.000000	0.000000	0.000000	0.000000
2.489881	1015.000000	479.753034	2.583663	2.000000	0.000000	0.000000	0.000000	0.000000
2.489260	1016.000000	479.813838	2.583335	2.000000	0.000000	0.000000	0.000000	0.000000
3.732960	1017.000000	479.874641	2.583008	3.000000	0.000000	0.000000	0.000000	0.000000
0.000000	1018.000000	479.935444	2.582681	0.000000	0.000000	0.000000	0.000000	0.000000
2.487402	1019.000000	479.996247	2.582354	2.000000	0.000000	0.000000	0.000000	0.000000
6.216960	1020.000000	480.057051	2.582026	5.000000	0.000000	0.000000	0.000000	0.000000
3.729250	1021.000000	480.117854	2.581699	3.000000	0.000000	0.000000	0.000000	0.000000
2.485550	1022.000000	480.178657	2.581373	2.000000	0.000000	0.000000	0.000000	0.000000
2.484934	1023.000000	480.239460	2.581046	2.000000	0.000000	0.000000	0.000000	0.000000
4.968638	1024.000000	480.300264	2.580719	4.000000	0.000000	0.000000	0.000000	0.000000
