3.918363	4	468.873379	2.643614	3	0	292.03	0	5.01
3.91726	5	468.933016	2.643277	3	0	0	0	0
2.610772	6	468.992653	2.642941	2	0	0	0	0
-1.305019	7	469.05229	2.642605	-1	0	0	0	0
5.218611	8	469.111927	2.642269	4	0	0	0	0
2.608573	9	469.171564	2.641933	2	0	0	0	0
5.215684	10	469.231201	2.641598	4	0	0	0	0
3.910667	11	469.290839	2.641262	3	0	0	0	0
-1.303191	12	469.350476	2.640926	-1	0	0	0	0
0	13	469.410113	2.640591	0	0	0	0	0
-3.907385	14	469.46975	2.640255	-3	0	0	0	0
6.510489	15	469.529387	2.63992	5	0	0	0	0
-1.301734	16	469.589024	2.639585	-1	0	0	0	0
0	17	469.648661	2.63925	0	0	0	0	0
1.301008	18	469.708298	2.638914	1	0	0	0	0
2.601292	19	469.767935	2.638579	2	0	0	0	0
6.50142	20	469.827572	2.638244	5	0	0	0	0
1.299922	21	469.887209	2.63791	1	0	0	0	0
3.898683	22	469.946846	2.637575	3	0	0	0	0
1.2992	23	470.006483	2.63724	1	0	0	0	0
-3.896518	24	470.06612	2.636906	-3	0	0	0	0
2.596958	25	470.125757	2.636571	2	0	0	0	0
6.490597	26	470.185394	2.636237	5	0	0	0	0
0	27	470.245031	2.635902	0	0	0	0	0
5.189603	28	470.304668	2.635568	4	0	0	0	0
0	29	470.364305	2.635234	0	0	0	0	0
0	30	470.423942	2.6349	0	0	0	0	0
-2.592652	31	470.48358	2.634566	-2	0	0	0	0
1.295968	32	470.543217	2.634232	1	0	0	0	0
1.295611	33	470.602854	2.633898	1	0	0	0	0
5.181016	34	470.662491	2.633564	4	0	0	0	0
2.589795	35	470.722128	2.633231	2	0	0	0	0
6.472706	36	470.781765	2.632897	5	0	0	0	0
2.588371	37	470.841402	2.632564	2	0	0	0	0
3.88149	38	470.901039	2.63223	3	0	0	0	0
5.1739	39	470.960676	2.631897	4	0	0	0	0
2.58624	40	471.020313	2.631564	2	0	0	0	0
6.463829	41	471.07995	2.631231	5	0	0	0	0
3.877236	42	471.139587	2.630898	3	0	0	0	0
2.584116	43	471.199224	2.630565	2	0	0	0	0
2.58341	44	471.258861	2.630232	2	0	0	0	0
5.165408	45	471.318498	2.629899	4	0	0	0	0
3.872998	46	471.378135	2.629566	3	0	0	0	0
2.581295	47	471.437772	2.629234	2	0	0	0	0
2.580591	48	471.497409	2.628901	2	0	0	0	0
2.579888	49	471.557046	2.628569	2	0	0	0	0
1.289593	50	471.616683	2.628236	1	0	0	0	0
2.578484	51	471.67632	2.627904	2	0	0	0	0
1.288892	52	471.735958	2.627572	1	0	0	0	0
2.577083	53	471.795595	2.627239	2	0	0	0	0
1.288192	54	471.855232	2.626907	1	0	0	0	0
2.575685	55	471.914869	2.626575	2	0	0	0	0
0	56	471.974506	2.626244	0	0	0	0	0
0	57	472.034143	2.625912	0	0	0	0	0
1.286797	58	472.09378	2.62558	1	0	0	0	0
5.145796	59	472.153417	2.625248	4	0	0	0	0
3.858305	60	472.213054	2.624917	3	0	0	0	0
6.428772	61	472.272691	2.624585	5	0	0	0	0
2.570815	62	472.332328	2.624254	2	0	0	0	0
1.285061	63	472.391965	2.623923	1	0	0	0	0
1.284715	64	472.451602	2.623591	1	0	0	0	0
3.853108	65	472.511239	2.62326	3	0	0	0	0
1.284024	66	472.570876	2.622929	1	0	0	0	0
3.851037	67	472.630513	2.622598	3	0	0	0	0
3.850002	68	472.69015	2.622267	3	0	0	0	0
3.84897	69	472.749787	2.621937	3	0	0	0	0
3.847938	70	472.809424	2.621606	3	0	0	0	0
2.564605	71	472.869061	2.621275	2	0	0	0	0
6.409795	72	472.928699	2.620945	5	0	0	0	0
1.281616	73	472.988336	2.620614	1	0	0	0	0
0	74	473.047973	2.620284	0	0	0	0	0
5.123725	75	473.10761	2.619954	4	0	0	0	0
3.841768	76	473.167247	2.619623	3	0	0	0	0
1.280248	77	473.226884	2.619293	1	0	0	0	0
0	78	473.286521	2.618963	0	0	0	0	0
5.118264	79	473.346158	2.618633	4	0	0	0	0
3.837677	80	473.405795	2.618303	3	0	0	0	0
3.836656	81	473.465432	2.617974	3	0	0	0	0
3.835637	82	473.525069	2.617644	3	0	0	0	0
5.112825	83	473.584706	2.617314	4	0	0	0	0
3.833602	84	473.644343	2.616985	3	0	0	0	0
6.387643	85	473.70398	2.616655	5	0	0	0	0
5.108761	86	473.763617	2.616326	4	0	0	0	0
3.830557	87	473.823254	2.615997	3	0	0	0	0
5.106058	88	473.882891	2.615667	4	0	0	0	0
2.552355	89	473.942528	2.615338	2	0	0	0	0
1.27584	90	474.002165	2.615009	1	0	0	0	0
2.551007	91	474.061802	2.61468	2	0	0	0	0
3.825502	92	474.121439	2.614351	3	0	0	0	0
6.374158	93	474.181077	2.614022	5	0	0	0	0
6.37248	94	474.240714	2.613694	5	0	0	0	0
5.096643	95	474.300351	2.613365	4	0	0	0	0
5.095304	96	474.359988	2.613037	4	0	0	0	0
1.273491	97	474.419625	2.612708	1	0	0	0	0
2.546314	98	474.479262	2.61238	2	0	0	0	0
5.091294	99	474.538899	2.612051	4	0	0	0	0
3.81747	100	474.598536	2.611723	3	0	0	0	0
2.544314	101	474.658173	2.611395	2	0	0	0	0
2.543648	102	474.71781	2.611067	2	0	0	0	0
6.357458	103	474.777447	2.610739	5	0	0	0	0
2.542319	104	474.837084	2.610411	2	0	0	0	0
1.270828	105	474.896721	2.610083	1	0	0	0	0
2.540992	106	474.956358	2.609756	2	0	0	0	0
3.810495	107	475.015995	2.609428	3	0	0	0	0
5.079338	108	475.075632	2.6091	4	0	0	0	0
2.539008	109	475.135269	2.608773	2	0	0	0	0
3.807522	110	475.194906	2.608445	3	0	0	0	0
6.344221	111	475.254543	2.608118	5	0	0	0	0
3.805545	112	475.31418	2.607791	3	0	0	0	0
2.536372	113	475.373818	2.607464	2	0	0	0	0
5.071429	114	475.433455	2.607137	4	0	0	0	0
1.267529	115	475.493092	2.60681	1	0	0	0	0
2.534402	116	475.552729	2.606483	2	0	0	0	0
1.266873	117	475.612366	2.606156	1	0	0	0	0
5.066184	118	475.672003	2.605829	4	0	0	0	0
3.798657	119	475.73164	2.605503	3	0	0	0	0
2.531785	120	475.791277	2.605176	2	0	0	0	0
2.531132	121	475.850914	2.604849	2	0	0	0	0
2.53048	122	475.910551	2.604523	2	0	0	0	0
2.529829	123	475.970188	2.604197	2	0	0	0	0
2.529178	124	476.029825	2.60387	2	0	0	0	0
5.057057	125	476.089462	2.603544	4	0	0	0	0
3.791819	126	476.149099	2.603218	3	0	0	0	0
3.790846	127	476.208736	2.602892	3	0	0	0	0
2.526583	128	476.268373	2.602566	2	0	0	0	0
5.051871	129	476.32801	2.60224	4	0	0	0	0
3.787934	130	476.387647	2.601915	3	0	0	0	0
1.262322	131	476.447284	2.601589	1	0	0	0	0
5.047996	132	476.506921	2.601263	4	0	0	0	0
2.523354	133	476.566558	2.600938	2	0	0	0	0
5.045419	134	476.626196	2.600612	4	0	0	0	0
5.044133	135	476.685833	2.600287	4	0	0	0	0
1.260712	136	476.74547	2.599962	1	0	0	0	0
5.041564	137	476.805107	2.599637	4	0	0	0	0
2.520141	138	476.864744	2.599311	2	0	0	0	0
6.298752	139	476.924381	2.598986	5	0	0	0	0
2.518861	140	476.984018	2.598661	2	0	0	0	0
5.036443	141	477.043655	2.598337	4	0	0	0	0
6.293958	142	477.103292	2.598012	5	0	0	0	0
3.775418	143	477.162929	2.597687	3	0	0	0	0
3.774462	144	477.222566	2.597363	3	0	0	0	0
7.547015	145	477.282203	2.597038	6	0	0	0	0
5.030072	146	477.34184	2.596713	4	0	0	0	0
7.543203	147	477.401477	2.596389	6	0	0	0	0
3.77065	148	477.461114	2.596065	3	0	0	0	0
5.026265	149	477.520751	2.595741	4	0	0	0	0
1.25625	150	477.580388	2.595416	1	0	0	0	0
3.7678	151	477.640025	2.595092	3	0	0	0	0
2.511235	152	477.699662	2.594768	2	0	0	0	0
1.255302	153	477.759299	2.594445	1	0	0	0	0
0	154	477.818937	2.594121	0	0	0	0	0
7.528031	155	477.878574	2.593797	6	0	0	0	0
5.017429	156	477.938211	2.593473	4	0	0	0	0
3.762129	157	477.997848	2.59315	3	0	0	0	0
5.014916	158	478.057485	2.592826	4	0	0	0	0
0	159	478.117122	2.592503	0	0	0	0	0
0	160	478.176759	2.59218	0	0	0	0	0
6.263946	161	478.236396	2.591856	5	0	0	0	0
3.75743	162	478.296033	2.591533	3	0	0	0	0
5.008657	163	478.35567	2.59121	4	0	0	0	0
3.755557	164	478.415307	2.590887	3	0	0	0	0
5.006163	165	478.474944	2.590564	4	0	0	0	0
5.004918	166	478.534581	2.590241	4	0	0	0	0
5.003674	167	478.594218	2.589918	4	0	0	0	0
7.503646	168	478.653855	2.589596	6	0	0	0	0
3.750892	169	478.713492	2.589273	3	0	0	0	0
4.99995	170	478.773129	2.588951	4	0	0	0	0
1.249678	171	478.832766	2.588628	1	0	0	0	0
3.748105	172	478.892403	2.588306	3	0	0	0	0
3.747178	173	478.95204	2.587984	3	0	0	0	0
2.497501	174	479.011677	2.587661	2	0	0	0	0
6.242212	175	479.071315	2.587339	5	0	0	0	0
6.240671	176	479.130952	2.587017	5	0	0	0	0
2.495653	177	479.190589	2.586695	2	0	0	0	0
2.495038	178	479.250226	2.586373	2	0	0	0	0
3.741636	179	479.309863	2.586052	3	0	0	0	0
4.987621	180	479.3695	2.58573	4	0	0	0	0
4.986395	181	479.429137	2.585408	4	0	0	0	0
4.985171	182	479.488774	2.585087	4	0	0	0	0
3.737961	183	479.548411	2.584765	3	0	0	0	0
4.982726	184	479.608048	2.584444	4	0	0	0	0
3.736129	185	479.667685	2.584122	3	0	0	0	0
3.735215	186	479.727322	2.583801	3	0	0	0	0
3.734301	187	479.786959	2.58348	3	0	0	0	0
3.733389	188	479.846596	2.583159	3	0	0	0	0
1.244159	189	479.906233	2.582838	1	0	0	0	0
2.487711	190	479.96587	2.582517	2	0	0	0	0
0	191	480.025507	2.582196	0	0	0	0	0
2.486499	192	480.085144	2.581875	2	0	0	0	0
3.728841	193	480.144781	2.581555	3	0	0	0	0
2.485289	194	480.204418	2.581234	2	0	0	0	0
6.211713	195	480.264056	2.580914	5	0	0	0	0
4.968164	196	480.323693	2.580593	4	0	0	0	0
2.48348	197	480.38333	2.580273	2	0	0	0	0
4.965755	198	480.442967	2.579952	4	0	0	0	0
6.205691	199	480.502604	2.579632	5	0	0	0	0
4.963351	200	480.562241	2.579312	4	0	0	0	0
4.962151	201	480.621878	2.578992	4	0	0	0	0
1.240238	202	480.681515	2.578672	1	0	0	0	0
3.719816	203	480.741152	2.578352	3	0	0	0	0
3.718919	204	480.800789	2.578032	3	0	0	0	0
2.478682	205	480.860426	2.577713	2	0	0	0	0
8.673298	206	480.920063	2.577393	7	0	0	0	0
3.716233	207	480.9797	2.577073	3	0	0	0	0
3.71534	208	481.039337	2.576754	3	0	0	0	0
4.952597	209	481.098974	2.576435	4	0	0	0	0
4.951408	210	481.158611	2.576115	4	0	0	0	0
3.712665	211	481.218248	2.575796	3	0	0	0	0
2.474517	212	481.277885	2.575477	2	0	0	0	0
4.94785	213	481.337522	2.575158	4	0	0	0	0
7.419999	214	481.397159	2.574839	6	0	0	0	0
4.945484	215	481.456796	2.57452	4	0	0	0	0
3.708227	216	481.516434	2.574201	3	0	0	0	0
2.471561	217	481.576071	2.573882	2	0	0	0	0
4.941944	218	481.635708	2.573563	4	0	0	0	0
4.940767	219	481.695345	2.573245	4	0	0	0	0
4.939591	220	481.754982	2.572926	4	0	0	0	0
3.703812	221	481.814619	2.572608	3	0	0	0	0
6.171553	222	481.874256	2.572289	5	0	0	0	0
2.468035	223	481.933893	2.571971	2	0	0	0	0
6.168624	224	481.99353	2.571653	5	0	0	0	0
2.466865	225	482.053167	2.571335	2	0	0	0	0
4.932561	226	482.112804	2.571017	4	0	0	0	0
6.164242	227	482.172441	2.570699	5	0	0	0	0
9.860455	228	482.232078	2.570381	8	0	0	0	0
4.929063	229	482.291715	2.570063	4	0	0	0	0
3.695924	230	482.351352	2.569745	3	0	0	0	0
7.390105	231	482.410989	2.569427	6	0	0	0	0
4.925576	232	482.470626	2.56911	4	0	0	0	0
2.462208	233	482.530263	2.568792	2	0	0	0	0
1.230814	234	482.5899	2.568475	1	0	0	0	0
7.38315	235	482.649537	2.568157	6	0	0	0	0
3.690708	236	482.709175	2.56784	3	0	0	0	0
4.919789	237	482.768812	2.567523	4	0	0	0	0
6.148294	238	482.828449	2.567206	5	0	0	0	0
2.458741	239	482.888086	2.566889	2	0	0	0	0
4.916332	240	482.947723	2.566572	4	0	0	0	0
4.915182	241	483.00736	2.566255	4	0	0	0	0
4.914033	242	483.066997	2.565938	4	0	0	0	0
3.684664	243	483.126634	2.565621	3	0	0	0	0
6.139674	244	483.186271	2.565305	5	0	0	0	0
4.910594	245	483.245908	2.564988	4	0	0	0	0
3.682088	246	483.305545	2.564672	3	0	0	0	0
3.681231	247	483.365182	2.564355	3	0	0	0	0
3.680375	248	483.424819	2.564039	3	0	0	0	0
7.35904	249	483.484456	2.563723	6	0	0	0	0
4.904887	250	483.544093	2.563406	4	0	0	0	0
4.90375	251	483.60373	2.56309	4	0	0	0	0
4.902613	252	483.663367	2.562774	4	0	0	0	0
2.450739	253	483.723004	2.562458	2	0	0	0	0
4.900344	254	483.782641	2.562142	4	0	0	0	0
1.224803	255	483.842278	2.561827	1	0	0	0	0
1.22452	256	483.901915	2.561511	1	0	0	0	0
4.89695	257	483.961553	2.561195	4	0	0	0	0
4.89582	258	484.02119	2.56088	4	0	0	0	0
4.894693	259	484.080827	2.560564	4	0	0	0	0
2.446783	260	484.140464	2.560249	2	0	0	0	0
2.44622	261	484.200101	2.559933	2	0	0	0	0
6.114145	262	484.259738	2.559618	5	0	0	0	0
7.33529	263	484.319375	2.559303	6	0	0	0	0
6.111339	264	484.379012	2.558988	5	0	0	0	0
3.665963	265	484.438649	2.558673	3	0	0	0	0
6.108539	266	484.498286	2.558358	5	0	0	0	0
4.885713	267	484.557923	2.558043	4	0	0	0	0
2.442298	268	484.61756	2.557728	2	0	0	0	0
4.88348	269	484.677197	2.557413	4	0	0	0	0
1.220591	270	484.736834	2.557099	1	0	0	0	0
2.440626	271	484.796471	2.556784	2	0	0	0	0
6.100175	272	484.856108	2.55647	5	0	0	0	0
7.318544	273	484.915745	2.556155	6	0	0	0	0
6.097399	274	484.975382	2.555841	5	0	0	0	0
6.096014	275	485.035019	2.555527	5	0	0	0	0
3.656778	276	485.094656	2.555213	3	0	0	0	0
2.437299	277	485.154294	2.554899	2	0	0	0	0
0	278	485.213931	2.554585	0	0	0	0	0
1.218097	279	485.273568	2.554271	1	0	0	0	0
3.653465	280	485.333205	2.553957	3	0	0	0	0
8.522823	281	485.392842	2.553643	7	0	0	0	0
8.520898	282	485.452479	2.553329	7	0	0	0	0
4.867986	283	485.512116	2.553016	4	0	0	0	0
3.650166	284	485.571753	2.552702	3	0	0	0	0
7.298687	285	485.63139	2.552389	6	0	0	0	0
3.648522	286	485.691027	2.552075	3	0	0	0	0
6.079502	287	485.750664	2.551762	5	0	0	0	0
3.646881	288	485.810301	2.551449	3	0	0	0	0
3.646063	289	485.869938	2.551135	3	0	0	0	0
6.075408	290	485.929575	2.550822	5	0	0	0	0
7.288855	291	485.989212	2.550509	6	0	0	0	0
7.287223	292	486.048849	2.550196	6	0	0	0	0
4.857061	293	486.108486	2.549883	4	0	0	0	0
4.855976	294	486.168123	2.549571	4	0	0	0	0
4.854891	295	486.22776	2.549258	4	0	0	0	0
6.067259	296	486.287397	2.548945	5	0	0	0	0
7.279087	297	486.347035	2.548633	6	0	0	0	0
7.277466	298	486.406672	2.54832	6	0	0	0	0
3.637923	299	486.466309	2.548008	3	0	0	0	0
4.849485	300	486.525946	2.547696	4	0	0	0	0
4.848407	301	486.585583	2.547383	4	0	0	0	0
7.270996	302	486.64522	2.547071	6	0	0	0	0
7.269383	303	486.704857	2.546759	6	0	0	0	0
6.056477	304	486.764494	2.546447	5	0	0	0	0
7.266163	305	486.824131	2.546135	6	0	0	0	0
3.632278	306	486.883768	2.545823	3	0	0	0	0
7.262949	307	486.943405	2.545511	6	0	0	0	0
3.630673	308	487.003042	2.5452	3	0	0	0	0
4.839829	309	487.062679	2.544888	4	0	0	0	0
4.838762	310	487.122316	2.544577	4	0	0	0	0
6.04712	311	487.181953	2.544265	5	0	0	0	0
3.627473	312	487.24159	2.543954	3	0	0	0	0
9.671135	313	487.301227	2.543642	8	0	0	0	0
3.625879	314	487.360864	2.543331	3	0	0	0	0
7.250166	315	487.420501	2.54302	6	0	0	0	0
6.04048	316	487.480138	2.542709	5	0	0	0	0
4.831325	317	487.539775	2.542398	4	0	0	0	0
4.830267	318	487.599413	2.542087	4	0	0	0	0
7.243816	319	487.65905	2.541776	6	0	0	0	0
4.828155	320	487.718687	2.541465	4	0	0	0	0
2.41355	321	487.778324	2.541154	2	0	0	0	0
7.239072	322	487.837961	2.540844	6	0	0	0	0
4.824996	323	487.897598	2.540533	4	0	0	0	0
6.029931	324	487.957235	2.540223	5	0	0	0	0
4.822895	325	488.016872	2.539912	4	0	0	0	0
4.821847	326	488.076509	2.539602	4	0	0	0	0
7.2312	327	488.136146	2.539292	6	0	0	0	0
8.434569	328	488.195783	2.538981	7	0	0	0	0
4.818709	329	488.25542	2.538671	4	0	0	0	0
6.022081	330	488.315057	2.538361	5	0	0	0	0
9.633244	331	488.374694	2.538051	8	0	0	0	0
4.815581	332	488.434331	2.537741	4	0	0	0	0
6.018175	333	488.493968	2.537432	5	0	0	0	0
4.813501	334	488.553605	2.537122	4	0	0	0	0
4.812463	335	488.613242	2.536812	4	0	0	0	0
4.811426	336	488.672879	2.536503	4	0	0	0	0
4.81039	337	488.732516	2.536193	4	0	0	0	0
8.416372	338	488.792154	2.535884	7	0	0	0	0
6.010402	339	488.851791	2.535574	5	0	0	0	0
7.210934	340	488.911428	2.535265	6	0	0	0	0
7.209387	341	488.971065	2.534956	6	0	0	0	0
6.006535	342	489.030702	2.534647	5	0	0	0	0
2.4021	343	489.090339	2.534338	2	0	0	0	0
6.003964	344	489.149976	2.534029	5	0	0	0	0
6.002681	345	489.209613	2.53372	5	0	0	0	0
9.602239	346	489.26925	2.533411	8	0	0	0	0
8.400166	347	489.328887	2.533102	7	0	0	0	0
5.99884	348	489.388524	2.532793	5	0	0	0	0
5.997562	349	489.448161	2.532485	5	0	0	0	0
4.797029	350	489.507798	2.532176	4	0	0	0	0
3.597007	351	489.567435	2.531868	3	0	0	0	0
5.993738	352	489.627072	2.531559	5	0	0	0	0
8.389452	353	489.686709	2.531251	7	0	0	0	0
3.594717	354	489.746346	2.530943	3	0	0	0	0
9.583882	355	489.805983	2.530635	8	0	0	0	0
5.988658	356	489.86562	2.530327	5	0	0	0	0
5.987392	357	489.925257	2.530019	5	0	0	0	0
7.183353	358	489.984894	2.529711	6	0	0	0	0
9.575782	359	490.044532	2.529403	8	0	0	0	0
5.983602	360	490.104169	2.529095	5	0	0	0	0
3.589405	361	490.163806	2.528787	3	0	0	0	0
10.765947	362	490.223443	2.52848	9	0	0	0	0
7.175789	363	490.28308	2.528172	6	0	0	0	0
8.369994	364	490.342717	2.527865	7	0	0	0	0
7.172775	365	490.402354	2.527557	6	0	0	0	0
4.780847	366	490.461991	2.52725	4	0	0	0	0
8.364729	367	490.521628	2.526943	7	0	0	0	0
7.168267	368	490.581265	2.526635	6	0	0	0	0
9.55569	369	490.640902	2.526328	8	0	0	0	0
7.16527	370	490.700539	2.526021	6	0	0	0	0
7.163774	371	490.760176	2.525714	6	0	0	0	0
8.355993	372	490.819813	2.525407	7	0	0	0	0
10.74118	373	490.87945	2.525101	9	0	0	0	0
8.352512	374	490.939087	2.524794	7	0	0	0	0
8.350774	375	490.998724	2.524487	7	0	0	0	0
5.963599	376	491.058361	2.524181	5	0	0	0	0
5.962361	377	491.117998	2.523874	5	0	0	0	0
8.345574	378	491.177635	2.523568	7	0	0	0	0
10.727799	379	491.237273	2.523261	9	0	0	0	0
5.958654	380	491.29691	2.522955	5	0	0	0	0
8.34039	381	491.356547	2.522649	7	0	0	0	0
5.95619	382	491.416184	2.522343	5	0	0	0	0
5.95496	383	491.475821	2.522037	5	0	0	0	0
3.572239	384	491.535458	2.521731	3	0	0	0	0
5.952505	385	491.595095	2.521425	5	0	0	0	0
7.141535	386	491.654732	2.521119	6	0	0	0	0
8.330076	387	491.714369	2.520813	7	0	0	0	0
7.138598	388	491.774006	2.520507	6	0	0	0	0
7.137132	389	491.833643	2.520202	6	0	0	0	0
7.135667	390	491.89328	2.519896	6	0	0	0	0
10.701307	391	491.952917	2.519591	9	0	0	0	0
7.132744	392	492.012554	2.519285	6	0	0	0	0
9.508379	393	492.072191	2.51898	8	0	0	0	0
9.506436	394	492.131828	2.518675	8	0	0	0	0
5.940309	395	492.191465	2.51837	5	0	0	0	0
4.751277	396	492.251102	2.518064	4	0	0	0	0
11.875772	397	492.310739	2.517759	10	0	0	0	0
5.936677	398	492.370376	2.517454	5	0	0	0	0
4.748375	399	492.430013	2.51715	4	0	0	0	0
5.934262	400	492.489651	2.516845	5	0	0	0	0
5.933057	401	492.549288	2.51654	5	0	0	0	0
8.304595	402	492.608925	2.516235	7	0	0	0	0
9.489041	403	492.668562	2.515931	8	0	0	0	0
7.11534	404	492.728199	2.515626	6	0	0	0	0
5.92825	405	492.787836	2.515322	5	0	0	0	0
10.668693	406	492.847473	2.515017	9	0	0	0	0
8.296197	407	492.90711	2.514713	7	0	0	0	0
7.109591	408	492.966747	2.514409	6	0	0	0	0
5.923465	409	493.026384	2.514105	5	0	0	0	0
8.291181	410	493.086021	2.513801	7	0	0	0	0
7.105296	411	493.145658	2.513497	6	0	0	0	0
8.287846	412	493.205295	2.513193	7	0	0	0	0
5.918701	413	493.264932	2.512889	5	0	0	0	0
5.917514	414	493.324569	2.512585	5	0	0	0	0
8.282859	415	493.384206	2.512281	7	0	0	0	0
5.915143	416	493.443843	2.511978	5	0	0	0	0
9.462335	417	493.50348	2.511674	8	0	0	0	0
7.095333	418	493.563117	2.511371	6	0	0	0	0
10.640874	419	493.622754	2.511067	9	0	0	0	0
8.274584	420	493.682392	2.510764	7	0	0	0	0
7.091087	421	493.742029	2.510461	6	0	0	0	0
9.4529	422	493.801666	2.510158	8	0	0	0	0
8.269642	423	493.861303	2.509854	7	0	0	0	0
9.449141	424	493.92094	2.509551	8	0	0	0	0
7.085448	425	493.980577	2.509248	6	0	0	0	0
5.903369	426	494.040214	2.508946	5	0	0	0	0
7.082639	427	494.099851	2.508643	6	0	0	0	0
4.720824	428	494.159488	2.50834	4	0	0	0	0
9.439781	429	494.219125	2.508037	8	0	0	0	0
8.258176	430	494.278762	2.507735	7	0	0	0	0
8.256546	431	494.338399	2.507432	7	0	0	0	0
9.434191	432	494.398036	2.50713	8	0	0	0	0
7.074249	433	494.457673	2.506827	6	0	0	0	0
8.251665	434	494.51731	2.506525	7	0	0	0	0
8.250042	435	494.576947	2.506223	7	0	0	0	0
7.070075	436	494.636584	2.505921	6	0	0	0	0
7.068688	437	494.696221	2.505618	6	0	0	0	0
5.889418	438	494.755858	2.505316	5	0	0	0	0
7.065916	439	494.815495	2.505015	6	0	0	0	0
4.709689	440	494.875132	2.504713	4	0	0	0	0
7.063152	441	494.93477	2.504411	6	0	0	0	0
3.530886	442	494.994407	2.504109	3	0	0	0	0
5.883661	443	495.054044	2.503807	5	0	0	0	0
4.706011	444	495.113681	2.503506	4	0	0	0	0
4.705094	445	495.173318	2.503204	4	0	0	0	0
7.056268	446	495.232955	2.502903	6	0	0	0	0
5.87908	447	495.292592	2.502602	5	0	0	0	0
5.877938	448	495.352229	2.5023	5	0	0	0	0
8.227516	449	495.411866	2.501999	7	0	0	0	0
8.225921	450	495.471503	2.501698	7	0	0	0	0
7.049424	451	495.53114	2.501397	6	0	0	0	0
7.04806	452	495.590777	2.501096	6	0	0	0	0
9.395596	453	495.650414	2.500795	8	0	0	0	0
5.871113	454	495.710051	2.500494	5	0	0	0	0
7.043977	455	495.769688	2.500193	6	0	0	0	0
4.695079	456	495.829325	2.499892	4	0	0	0	0
4.694175	457	495.888962	2.499592	4	0	0	0	0
7.039908	458	495.948599	2.499291	6	0	0	0	0
5.865463	459	496.008236	2.498991	5	0	0	0	0
5.864336	460	496.067873	2.49869	5	0	0	0	0
8.208496	461	496.127511	2.49839	7	0	0	0	0
5.862088	462	496.187148	2.49809	5	0	0	0	0
4.688772	463	496.246785	2.497789	4	0	0	0	0
8.203782	464	496.306422	2.497489	7	0	0	0	0
4.68698	465	496.366059	2.497189	4	0	0	0	0
8.200649	466	496.425696	2.496889	7	0	0	0	0
8.199085	467	496.485333	2.496589	7	0	0	0	0
7.026448	468	496.54497	2.49629	6	0	0	0	0
3.512555	469	496.604607	2.49599	3	0	0	0	0
4.682517	470	496.664244	2.49569	4	0	0	0	0
7.022441	471	496.723881	2.49539	6	0	0	0	0
7.021108	472	496.783518	2.495091	6	0	0	0	0
7.019777	473	496.843155	2.494791	6	0	0	0	0
7.018447	474	496.902792	2.494492	6	0	0	0	0
4.67808	475	496.962429	2.494193	4	0	0	0	0
8.185092	476	497.022066	2.493893	7	0	0	0	0
8.183546	477	497.081703	2.493594	7	0	0	0	0
5.844287	478	497.14134	2.493295	5	0	0	0	0
7.011823	479	497.200977	2.492996	6	0	0	0	0
5.842086	480	497.260614	2.492697	5	0	0	0	0
9.345579	481	497.320251	2.492398	8	0	0	0	0
7.007867	482	497.379889	2.492099	6	0	0	0	0
8.17431	483	497.439526	2.4918	7	0	0	0	0
7.005237	484	497.499163	2.491502	6	0	0	0	0
8.171245	485	497.5588	2.491203	7	0	0	0	0
5.835511	486	497.618437	2.490904	5	0	0	0	0
4.667536	487	497.678074	2.490606	4	0	0	0	0
4.666664	488	497.737711	2.490308	4	0	0	0	0
3.499345	489	497.797348	2.490009	3	0	0	0	0
6.997385	490	497.856985	2.489711	6	0	0	0	0
6.996082	491	497.916622	2.489413	6	0	0	0	0
8.160577	492	497.976259	2.489115	7	0	0	0	0
8.15906	493	498.035896	2.488817	7	0	0	0	0
6.992181	494	498.095533	2.488519	6	0	0	0	0
9.321179	495	498.15517	2.488221	8	0	0	0	0
8.15452	496	498.214807	2.487923	7	0	0	0	0
8.15301	497	498.274444	2.487625	7	0	0	0	0
5.822502	498	498.334081	2.487327	5	0	0	0	0
8.149996	499	498.393718	2.48703	7	0	0	0	0
6.984422	500	498.453355	2.486732	6	0	0	0	0
6.983134	501	498.512992	2.486435	6	0	0	0	0
8.145488	502	498.57263	2.486137	7	0	0	0	0
8.143989	503	498.632267	2.48584	7	0	0	0	0
10.468918	504	498.691904	2.485543	9	0	0	0	0
6.977997	505	498.751541	2.485245	6	0	0	0	0
8.139503	506	498.811178	2.484948	7	0	0	0	0
9.300584	507	498.870815	2.484651	8	0	0	0	0
8.136521	508	498.930452	2.484354	7	0	0	0	0
6.972885	509	498.990089	2.484057	6	0	0	0	0
8.133546	510	499.049726	2.483761	7	0	0	0	0
2.323446	511	499.109363	2.483464	2	0	0	0	0
5.807556	512	499.169	2.483167	5	0	0	0	0
10.451696	513	499.228637	2.48287	9	0	0	0	0
8.127617	514	499.288274	2.482574	7	0	0	0	0
5.804385	515	499.347911	2.482277	5	0	0	0	0
11.606662	516	499.407548	2.481981	10	0	0	0	0
8.123189	517	499.467185	2.481685	7	0	0	0	0
9.281962	518	499.526822	2.481388	8	0	0	0	0
6.960211	519	499.586459	2.481092	6	0	0	0	0
6.958952	520	499.646096	2.480796	6	0	0	0	0
10.436541	521	499.705733	2.4805	9	0	0	0	0
5.797032	522	499.76537	2.480204	5	0	0	0	0
8.114381	523	499.825008	2.479908	7	0	0	0	0
10.430896	524	499.884645	2.479612	9	0	0	0	0
8.111459	525	499.944282	2.479316	7	0	0	0	0
9.268572	526	500.003919	2.479021	8	0	0	0	0
10.42527	527	500.063556	2.478725	9	0	0	0	0
8.107089	528	500.123193	2.478429	7	0	0	0	0
9.263583	529	500.18283	2.478134	8	0	0	0	0
10.419665	530	500.242467	2.477838	9	0	0	0	0
10.417801	531	500.302104	2.477543	9	0	0	0	0
8.101286	532	500.361741	2.477248	7	0	0	0	0
6.94272	533	500.421378	2.476953	6	0	0	0	0
5.784568	534	500.481015	2.476657	5	0	0	0	0
6.940245	535	500.540652	2.476362	6	0	0	0	0
9.252014	536	500.600289	2.476067	8	0	0	0	0
6.937777	537	500.659926	2.475772	6	0	0	0	0
9.248726	538	500.719563	2.475477	8	0	0	0	0
8.0912	539	500.7792	2.475183	7	0	0	0	0
10.401127	540	500.838837	2.474888	9	0	0	0	0
8.088333	541	500.898474	2.474593	7	0	0	0	0
10.397446	542	500.958111	2.474299	9	0	0	0	0
6.930406	543	501.017749	2.474004	6	0	0	0	0
9.238911	544	501.077386	2.47371	8	0	0	0	0
9.237282	545	501.137023	2.473415	8	0	0	0	0
9.235655	546	501.19666	2.473121	8	0	0	0	0
6.925522	547	501.256297	2.472827	6	0	0	0	0
11.540508	548	501.315934	2.472533	10	0	0	0	0
10.384634	549	501.375571	2.472239	9	0	0	0	0
10.382812	550	501.435208	2.471944	9	0	0	0	0
9.227549	551	501.494845	2.471651	8	0	0	0	0
8.072692	552	501.554482	2.471357	7	0	0	0	0
10.377361	553	501.614119	2.471063	9	0	0	0	0
10.375548	554	501.673756	2.470769	9	0	0	0	0
6.915825	555	501.733393	2.470475	6	0	0	0	0
13.829239	556	501.79303	2.470182	12	0	0	0	0
12.674595	557	501.852667	2.469888	11	0	0	0	0
3.456107	558	501.912304	2.469595	3	0	0	0	0
10.366518	559	501.971941	2.469301	9	0	0	0	0
10.364719	560	502.031578	2.469008	9	0	0	0	0
8.06005	561	502.091215	2.468715	7	0	0	0	0
10.361126	562	502.150852	2.468422	9	0	0	0	0
8.057259	563	502.210489	2.468128	7	0	0	0	0
6.905029	564	502.270127	2.467835	6	0	0	0	0
6.903836	565	502.329764	2.467542	6	0	0	0	0
11.504409	566	502.389401	2.46725	10	0	0	0	0
8.051699	567	502.449038	2.466957	7	0	0	0	0
10.350402	568	502.508675	2.466664	9	0	0	0	0
6.899082	569	502.568312	2.466371	6	0	0	0	0
9.197196	570	502.627949	2.466079	8	0	0	0	0
9.195618	571	502.687586	2.465786	8	0	0	0	0
10.343297	572	502.747223	2.465493	9	0	0	0	0
9.192467	573	502.80686	2.465201	8	0	0	0	0
8.042033	574	502.866497	2.464909	7	0	0	0	0
12.635322	575	502.926134	2.464616	11	0	0	0	0
10.336226	576	502.985771	2.464324	9	0	0	0	0
10.334464	577	503.045408	2.464032	9	0	0	0	0
10.332704	578	503.105045	2.46374	9	0	0	0	0
14.922477	579	503.164682	2.463448	13	0	0	0	0
10.32919	580	503.224319	2.463156	9	0	0	0	0
9.179944	581	503.283956	2.462864	8	0	0	0	0
11.472984	582	503.343593	2.462572	10	0	0	0	0
9.176832	583	503.40323	2.462281	8	0	0	0	0
10.322189	584	503.462868	2.461989	9	0	0	0	0
9.173728	585	503.522505	2.461697	8	0	0	0	0
9.172179	586	503.582142	2.461406	8	0	0	0	0
10.316961	587	503.641779	2.461114	9	0	0	0	0
8.022951	588	503.701416	2.460823	7	0	0	0	0
9.167543	589	503.761053	2.460532	8	0	0	0	0
9.166002	590	503.82069	2.46024	8	0	0	0	0
8.018905	591	503.880327	2.459949	7	0	0	0	0
6.872194	592	503.939964	2.459658	6	0	0	0	0
4.580695	593	503.999601	2.459367	4	0	0	0	0
3.434946	594	504.059238	2.459076	3	0	0	0	0
10.303114	595	504.118875	2.458785	9	0	0	0	0
6.867595	596	504.178512	2.458494	6	0	0	0	0
6.866449	597	504.238149	2.458204	6	0	0	0	0
5.721087	598	504.297786	2.457913	5	0	0	0	0
9.152216	599	504.357423	2.457622	8	0	0	0	0
4.575347	600	504.41706	2.457332	4	0	0	0	0
8.005526	601	504.476697	2.457041	7	0	0	0	0
6.860741	602	504.536334	2.456751	6	0	0	0	0
6.859603	603	504.595971	2.45646	6	0	0	0	0
6.858467	604	504.655608	2.45617	6	0	0	0	0
8.000222	605	504.715246	2.45588	7	0	0	0	0
4.5708	606	504.774883	2.45559	4	0	0	0	0
5.712557	607	504.83452	2.4553	5	0	0	0	0
5.711615	608	504.894157	2.45501	5	0	0	0	0
4.568539	609	504.953794	2.45472	4	0	0	0	0
4.567787	610	505.013431	2.45443	4	0	0	0	0
4.567037	611	505.073068	2.45414	4	0	0	0	0
0	612	505.132705	2.45385	0	0	0	0	0
5.706923	613	505.192342	2.453561	5	0	0	0	0
5.705988	614	505.251979	2.453271	5	0	0	0	0
9.128087	615	505.311616	2.452981	8	0	0	0	0
3.422473	616	505.371253	2.452692	3	0	0	0	0
2.281276	617	505.43089	2.452403	2	0	0	0	0
6.842712	618	505.490527	2.452113	6	0	0	0	0
3.420799	619	505.550164	2.451824	3	0	0	0	0
4.560323	620	505.609801	2.451535	4	0	0	0	0
6.839372	621	505.669438	2.451246	6	0	0	0	0
7.977972	622	505.729075	2.450957	7	0	0	0	0
5.697627	623	505.788712	2.450668	5	0	0	0	0
6.836045	624	505.848349	2.450379	6	0	0	0	0
6.834939	625	505.907987	2.45009	6	0	0	0	0
3.416917	626	505.967624	2.449801	3	0	0	0	0
5.693942	627	506.027261	2.449512	5	0	0	0	0
4.554419	628	506.086898	2.449224	4	0	0	0	0
3.415264	629	506.146535	2.448935	3	0	0	0	0
7.967666	630	506.206172	2.448647	7	0	0	0	0
4.55222	631	506.265809	2.448358	4	0	0	0	0
4.551489	632	506.325446	2.44807	4	0	0	0	0
4.550759	633	506.385083	2.447781	4	0	0	0	0
6.825045	634	506.44472	2.447493	6	0	0	0	0
9.098604	635	506.504357	2.447205	8	0	0	0	0
5.685718	636	506.563994	2.446917	5	0	0	0	0
5.68481	637	506.623631	2.446629	5	0	0	0	0
6.820684	638	506.683268	2.446341	6	0	0	0	0
5.682998	639	506.742905	2.446053	5	0	0	0	0
6.818512	640	506.802542	2.445765	6	0	0	0	0
5.68119	641	506.862179	2.445477	5	0	0	0	0
4.54423	642	506.921816	2.44519	4	0	0	0	0
4.54351	643	506.981453	2.444902	4	0	0	0	0
7.949882	644	507.04109	2.444614	7	0	0	0	0
5.677589	645	507.100727	2.444327	5	0	0	0	0
5.676691	646	507.160365	2.44404	5	0	0	0	0
5.675795	647	507.220002	2.443752	5	0	0	0	0
5.6749	648	507.279639	2.443465	5	0	0	0	0
5.674005	649	507.339276	2.443178	5	0	0	0	0
2.269245	650	507.398913	2.442891	2	0	0	0	0
3.403333	651	507.45855	2.442603	3	0	0	0	0
5.67133	652	507.518187	2.442316	5	0	0	0	0
6.804529	653	507.577824	2.442029	6	0	0	0	0
6.803463	654	507.637461	2.441743	6	0	0	0	0
7.936132	655	507.697098	2.441456	7	0	0	0	0
4.534224	656	507.756735	2.441169	4	0	0	0	0
6.800273	657	507.816372	2.440882	6	0	0	0	0
4.532809	658	507.876009	2.440596	4	0	0	0	0
6.798154	659	507.935646	2.440309	6	0	0	0	0
4.531398	660	507.995283	2.440023	4	0	0	0	0
6.79604	661	508.05492	2.439736	6	0	0	0	0
5.662488	662	508.114557	2.43945	5	0	0	0	0
6.793931	663	508.174194	2.439164	6	0	0	0	0
6.792879	664	508.233831	2.438877	6	0	0	0	0
4.527886	665	508.293468	2.438591	4	0	0	0	0
6.790779	666	508.353106	2.438305	6	0	0	0	0
4.526487	667	508.412743	2.438019	4	0	0	0	0
2.262895	668	508.47238	2.437733	2	0	0	0	0
3.393819	669	508.532017	2.437447	3	0	0	0	0
4.524397	670	508.591654	2.437162	4	0	0	0	0
5.654627	671	508.651291	2.436876	5	0	0	0	0
6.784511	672	508.710928	2.43659	6	0	0	0	0
5.652893	673	508.770565	2.436304	5	0	0	0	0
3.391216	674	508.830202	2.436019	3	0	0	0	0
5.651163	675	508.889839	2.435733	5	0	0	0	0
6.780359	676	508.949476	2.435448	6	0	0	0	0
5.649437	677	509.009113	2.435163	5	0	0	0	0
5.648577	678	509.06875	2.434877	5	0	0	0	0
4.518173	679	509.128387	2.434592	4	0	0	0	0
4.517486	680	509.188024	2.434307	4	0	0	0	0
3.3876	681	509.247661	2.434022	3	0	0	0	0
9.032231	682	509.307298	2.433737	8	0	0	0	0
9.030862	683	509.366935	2.433452	8	0	0	0	0
3.386061	684	509.426572	2.433167	3	0	0	0	0
6.771098	685	509.486209	2.432882	6	0	0	0	0
5.64173	686	509.545846	2.432598	5	0	0	0	0
3.384527	687	509.605484	2.432313	3	0	0	0	0
6.768035	688	509.665121	2.432028	6	0	0	0	0
7.894853	689	509.724758	2.431744	7	0	0	0	0
5.638333	690	509.784395	2.431459	5	0	0	0	0
4.50999	691	509.844032	2.431175	4	0	0	0	0
4.509314	692	509.903669	2.430891	4	0	0	0	0
6.762958	693	509.963306	2.430606	6	0	0	0	0
5.634955	694	510.022943	2.430322	5	0	0	0	0
4.507291	695	510.08258	2.430038	4	0	0	0	0
5.633273	696	510.142217	2.429754	5	0	0	0	0
6.75892	697	510.201854	2.42947	6	0	0	0	0
3.378957	698	510.261491	2.429186	3	0	0	0	0
4.504606	699	510.321128	2.428902	4	0	0	0	0
5.629921	700	510.380765	2.428618	5	0	0	0	0
6.754903	701	510.440402	2.428334	6	0	0	0	0
4.502602	702	510.500039	2.428051	4	0	0	0	0
5.627419	703	510.559676	2.427767	5	0	0	0	0
6.751905	704	510.619313	2.427484	6	0	0	0	0
3.375454	705	510.67895	2.4272	3	0	0	0	0
5.624927	706	510.738587	2.426917	5	0	0	0	0
7.873738	707	510.798225	2.426633	7	0	0	0	0
6.747926	708	510.857862	2.42635	6	0	0	0	0
5.622445	709	510.917499	2.426067	5	0	0	0	0
3.372972	710	510.977136	2.425784	3	0	0	0	0
2.248319	711	511.036773	2.425501	2	0	0	0	0
4.495979	712	511.09641	2.425218	4	0	0	0	0
3.371491	713	511.156047	2.424935	3	0	0	0	0
4.494665	714	511.215684	2.424652	4	0	0	0	0
7.864516	715	511.275321	2.424369	7	0	0	0	0
6.740032	716	511.334958	2.424086	6	0	0	0	0
7.862226	717	511.394595	2.423803	7	0	0	0	0
5.615059	718	511.454232	2.423521	5	0	0	0	0
5.614244	719	511.513869	2.423238	5	0	0	0	0
4.490744	720	511.573506	2.422956	4	0	0	0	0
2.245047	721	511.633143	2.422673	2	0	0	0	0
4.489444	722	511.69278	2.422391	4	0	0	0	0
3.366597	723	511.752417	2.422109	3	0	0	0	0
4.488148	724	511.812054	2.421827	4	0	0	0	0
5.609377	725	511.871691	2.421544	5	0	0	0	0
5.608569	726	511.931328	2.421262	5	0	0	0	0
3.364658	727	511.990965	2.42098	3	0	0	0	0
8.971132	728	512.050603	2.420698	8	0	0	0	0
4.484923	729	512.11024	2.420416	4	0	0	0	0
5.60535	730	512.169877	2.420135	5	0	0	0	0
5.604548	731	512.229514	2.419853	5	0	0	0	0
4.482998	732	512.289151	2.419571	4	0	0	0	0
1.12059	733	512.348788	2.419289	1	0	0	0	0
5.602149	734	512.408425	2.419008	5	0	0	0	0
5.601351	735	512.468062	2.418726	5	0	0	0	0
4.480444	736	512.527699	2.418445	4	0	0	0	0
7.839663	737	512.587336	2.418164	7	0	0	0	0
3.359379	738	512.646973	2.417882	3	0	0	0	0
5.598172	739	512.70661	2.417601	5	0	0	0	0
3.358428	740	512.766247	2.41732	3	0	0	0	0
5.596589	741	512.825884	2.417039	5	0	0	0	0
1.11916	742	512.885521	2.416758	1	0	0	0	0
5.59501	743	512.945158	2.416477	5	0	0	0	0
3.356533	744	513.004795	2.416196	3	0	0	0	0
7.83081	745	513.064432	2.415915	7	0	0	0	0
5.59265	746	513.124069	2.415634	5	0	0	0	0
8.946985	747	513.183706	2.415353	8	0	0	0	0
6.709298	748	513.243344	2.415073	6	0	0	0	0
3.35418	749	513.302981	2.414792	3	0	0	0	0
8.943229	750	513.362618	2.414512	8	0	0	0	0
3.353243	751	513.422255	2.414231	3	0	0	0	0
6.705551	752	513.481892	2.413951	6	0	0	0	0
5.587181	753	513.541529	2.41367	5	0	0	0	0
7.820965	754	513.601166	2.41339	7	0	0	0	0
7.819879	755	513.660803	2.41311	7	0	0	0	0
6.701824	756	513.72044	2.41283	6	0	0	0	0
5.584079	757	513.780077	2.41255	5	0	0	0	0
6.699968	758	513.839714	2.41227	6	0	0	0	0
6.699042	759	513.899351	2.41199	6	0	0	0	0
2.232706	760	513.958988	2.41171	2	0	0	0	0
4.464796	761	514.018625	2.41143	4	0	0	0	0
3.348136	762	514.078262	2.41115	3	0	0	0	0
4.463568	763	514.137899	2.410871	4	0	0	0	0
6.694432	764	514.197536	2.410591	6	0	0	0	0
5.577928	765	514.257173	2.410312	5	0	0	0	0
7.80803	766	514.31681	2.410032	7	0	0	0	0
5.576401	767	514.376447	2.409753	5	0	0	0	0
10.036151	768	514.436084	2.409473	9	0	0	0	0
7.80483	769	514.495722	2.409194	7	0	0	0	0
5.574119	770	514.555359	2.408915	5	0	0	0	0
8.917376	771	514.614996	2.408636	8	0	0	0	0
5.572602	772	514.674633	2.408357	5	0	0	0	0
6.686215	773	514.73427	2.408077	6	0	0	0	0
6.685308	774	514.793907	2.407799	6	0	0	0	0
5.570336	775	514.853544	2.40752	5	0	0	0	0
4.455666	776	514.913181	2.407241	4	0	0	0	0
5.56883	777	514.972818	2.406962	5	0	0	0	0
8.908926	778	515.032455	2.406683	8	0	0	0	0
7.79426	779	515.092092	2.406405	7	0	0	0	0
6.679895	780	515.151729	2.406126	6	0	0	0	0
6.678997	781	515.211366	2.405848	6	0	0	0	0
5.565084	782	515.271003	2.405569	5	0	0	0	0
6.677206	783	515.33064	2.405291	6	0	0	0	0
10.014468	784	515.390277	2.405012	9	0	0	0	0
3.33771	785	515.449914	2.404734	3	0	0	0	0
4.449685	786	515.509551	2.404456	4	0	0	0	0
5.561365	787	515.569188	2.404178	5	0	0	0	0
5.560624	788	515.628825	2.4039	5	0	0	0	0
5.559885	789	515.688463	2.403622	5	0	0	0	0
6.670975	790	515.7481	2.403344	6	0	0	0	0
6.67009	791	515.807737	2.403066	6	0	0	0	0
5.557672	792	515.867374	2.402788	5	0	0	0	0
5.556937	793	515.927011	2.40251	5	0	0	0	0
4.444962	794	515.986648	2.402233	4	0	0	0	0
6.666563	795	516.046285	2.401955	6	0	0	0	0
5.554737	796	516.105922	2.401678	5	0	0	0	0
3.332403	797	516.165559	2.4014	3	0	0	0	0
5.553276	798	516.225196	2.401123	5	0	0	0	0
5.552547	799	516.284833	2.400845	5	0	0	0	0
5.551819	800	516.34447	2.400568	5	0	0	0	0
7.771528	801	516.404107	2.400291	7	0	0	0	0
5.550366	802	516.463744	2.400014	5	0	0	0	0
4.439713	803	516.523381	2.399736	4	0	0	0	0
5.548917	804	516.583018	2.399459	5	0	0	0	0
2.219278	805	516.642655	2.399182	2	0	0	0	0
6.656967	806	516.702292	2.398906	6	0	0	0	0
3.328051	807	516.761929	2.398629	3	0	0	0	0
4.436826	808	516.821566	2.398352	4	0	0	0	0
6.654376	809	516.881204	2.398075	6	0	0	0	0
8.871353	810	516.940841	2.397799	8	0	0	0	0
3.326328	811	517.000478	2.397522	3	0	0	0	0
7.760429	812	517.060115	2.397245	7	0	0	0	0
3.32547	813	517.119752	2.396969	3	0	0	0	0
5.541736	814	517.179389	2.396693	5	0	0	0	0
2.216409	815	517.239026	2.396416	2	0	0	0	0
9.972562	816	517.298663	2.39614	9	0	0	0	0
8.863363	817	517.3583	2.395864	8	0	0	0	0
4.431114	818	517.417937	2.395588	4	0	0	0	0
8.861095	819	517.477574	2.395312	8	0	0	0	0
8.859964	820	517.537211	2.395036	8	0	0	0	0
7.75148	821	517.596848	2.39476	7	0	0	0	0
7.750492	822	517.656485	2.394484	7	0	0	0	0
4.42829	823	517.716122	2.394208	4	0	0	0	0
5.534659	824	517.775759	2.393932	5	0	0	0	0
6.640748	825	517.835396	2.393656	6	0	0	0	0
4.426605	826	517.895033	2.393381	4	0	0	0	0
5.532556	827	517.95467	2.393105	5	0	0	0	0
5.531857	828	518.014307	2.39283	5	0	0	0	0
5.531159	829	518.073944	2.392554	5	0	0	0	0
5.530462	830	518.133582	2.392279	5	0	0	0	0
3.31786	831	518.193219	2.392004	3	0	0	0	0
7.740701	832	518.252856	2.391728	7	0	0	0	0
4.422702	833	518.312493	2.391453	4	0	0	0	0
3.316611	834	518.37213	2.391178	3	0	0	0	0
6.632392	835	518.431767	2.390903	6	0	0	0	0
6.631564	836	518.491404	2.390628	6	0	0	0	0
5.525613	837	518.551041	2.390353	5	0	0	0	0
7.734895	838	518.610678	2.390078	7	0	0	0	0
8.838779	839	518.670315	2.389803	8	0	0	0	0
6.628261	840	518.729952	2.389528	6	0	0	0	0
4.418292	841	518.789589	2.389254	4	0	0	0	0
7.731053	842	518.849226	2.388979	7	0	0	0	0
7.730096	843	518.908863	2.388705	7	0	0	0	0
3.312489	844	518.9685	2.38843	3	0	0	0	0
6.62416	845	519.028137	2.388156	6	0	0	0	0
9.935015	846	519.087774	2.387881	9	0	0	0	0
6.622528	847	519.147411	2.387607	6	0	0	0	0
5.518095	848	519.207048	2.387333	5	0	0	0	0
4.413934	849	519.266685	2.387059	4	0	0	0	0
5.516741	850	519.326323	2.386784	5	0	0	0	0
6.619279	851	519.38596	2.38651	6	0	0	0	0
5.515391	852	519.445597	2.386236	5	0	0	0	0
7.720605	853	519.505234	2.385962	7	0	0	0	0
3.308428	854	519.564871	2.385689	3	0	0	0	0
6.61605	855	519.624508	2.385415	6	0	0	0	0
5.512704	856	519.684145	2.385141	5	0	0	0	0
5.512035	857	519.743782	2.384867	5	0	0	0	0
6.61364	858	519.803419	2.384594	6	0	0	0	0
5.5107	859	519.863056	2.38432	5	0	0	0	0
4.408027	860	519.922693	2.384047	4	0	0	0	0
4.407495	861	519.98233	2.383773	4	0	0	0	0
5.508704	862	520.041967	2.3835	5	0	0	0	0
6.609649	863	520.101604	2.383227	6	0	0	0	0
5.507379	864	520.161241	2.382953	5	0	0	0	0
8.810748	865	520.220878	2.38268	8	0	0	0	0
6.607269	866	520.280515	2.382407	6	0	0	0	0
6.606478	867	520.340152	2.382134	6	0	0	0	0
3.302844	868	520.399789	2.381861	3	0	0	0	0
5.504083	869	520.459426	2.381588	5	0	0	0	0
3.302056	870	520.519063	2.381315	3	0	0	0	0
6.603327	871	520.578701	2.381042	6	0	0	0	0
4.401694	872	520.638338	2.38077	4	0	0	0	0
5.501465	873	520.697975	2.380497	5	0	0	0	0
6.600975	874	520.757612	2.380224	6	0	0	0	0
7.700226	875	520.817249	2.379952	7	0	0	0	0
6.599414	876	520.876886	2.379679	6	0	0	0	0
1.099773	877	520.936523	2.379407	1	0	0	0	0
6.597858	878	520.99616	2.379135	6	0	0	0	0
6.597081	879	521.055797	2.378862	6	0	0	0	0
6.596306	880	521.115434	2.37859	6	0	0	0	0
6.595532	881	521.175071	2.378318	6	0	0	0	0
5.495632	882	521.234708	2.378046	5	0	0	0	0
6.593987	883	521.294345	2.377774	6	0	0	0	0
4.395478	884	521.353982	2.377502	4	0	0	0	0
8.78993	885	521.413619	2.37723	8	0	0	0	0
6.591679	886	521.473256	2.376958	6	0	0	0	0
6.590912	887	521.532893	2.376686	6	0	0	0	0
4.393431	888	521.59253	2.376414	4	0	0	0	0
4.392922	889	521.652167	2.376143	4	0	0	0	0
7.686722	890	521.711804	2.375871	7	0	0	0	0
4.391905	891	521.771442	2.3756	4	0	0	0	0
3.293548	892	521.831079	2.375328	3	0	0	0	0
3.293168	893	521.890716	2.375057	3	0	0	0	0
3.292789	894	521.950353	2.374785	3	0	0	0	0
6.58482	895	522.00999	2.374514	6	0	0	0	0
5.48672	896	522.069627	2.374243	5	0	0	0	0
5.486091	897	522.129264	2.373972	5	0	0	0	0
7.679648	898	522.188901	2.3737	7	0	0	0	0
2.193934	899	522.248538	2.373429	2	0	0	0	0
8.774736	900	522.308175	2.373158	8	0	0	0	0
7.677018	901	522.367812	2.372887	7	0	0	0	0
5.48296	902	522.427449	2.372617	5	0	0	0	0
6.578805	903	522.487086	2.372346	6	0	0	0	0
6.578058	904	522.546723	2.372075	6	0	0	0	0
5.481094	905	522.60636	2.371804	5	0	0	0	0
6.576568	906	522.665997	2.371534	6	0	0	0	0
6.575825	907	522.725634	2.371263	6	0	0	0	0
6.575083	908	522.785271	2.370993	6	0	0	0	0
6.574343	909	522.844908	2.370722	6	0	0	0	0
2.191201	910	522.904545	2.370452	2	0	0	0	0
6.572865	911	522.964182	2.370181	6	0	0	0	0
8.762837	912	523.02382	2.369911	8	0	0	0	0
4.380928	913	523.083457	2.369641	4	0	0	0	0
5.475547	914	523.143094	2.369371	5	0	0	0	0
5.474936	915	523.202731	2.369101	5	0	0	0	0
3.284595	916	523.262368	2.368831	3	0	0	0	0
5.473716	917	523.322005	2.368561	5	0	0	0	0
3.283865	918	523.381642	2.368291	3	0	0	0	0
3.2835	919	523.441279	2.368021	3	0	0	0	0
7.660651	920	523.500916	2.367751	7	0	0	0	0
5.471288	921	523.560553	2.367482	5	0	0	0	0
3.28241	922	523.62019	2.367212	3	0	0	0	0
6.564096	923	523.679827	2.366942	6	0	0	0	0
5.469478	924	523.739464	2.366673	5	0	0	0	0
6.562651	925	523.799101	2.366403	6	0	0	0	0
5.468275	926	523.858738	2.366134	5	0	0	0	0
3.280606	927	523.918375	2.365865	3	0	0	0	0
3.280246	928	523.978012	2.365595	3	0	0	0	0
5.466479	929	524.037649	2.365326	5	0	0	0	0
4.372706	930	524.097286	2.365057	4	0	0	0	0
5.465287	931	524.156923	2.364788	5	0	0	0	0
5.464692	932	524.216561	2.364519	5	0	0	0	0
3.278459	933	524.276198	2.36425	3	0	0	0	0
6.556207	934	524.335835	2.363981	6	0	0	0	0
4.370331	935	524.395472	2.363712	4	0	0	0	0
3.277394	936	524.455109	2.363443	3	0	0	0	0
7.646426	937	524.514746	2.363175	7	0	0	0	0
4.368915	938	524.574383	2.362906	4	0	0	0	0
5.460556	939	524.63402	2.362637	5	0	0	0	0
2.183988	940	524.693657	2.362369	2	0	0	0	0
5.459383	941	524.753294	2.3621	5	0	0	0	0
5.458798	942	524.812931	2.361832	5	0	0	0	0
6.549857	943	524.872568	2.361564	6	0	0	0	0
6.549157	944	524.932205	2.361295	6	0	0	0	0
6.548458	945	524.991842	2.361027	6	0	0	0	0
5.456467	946	525.051479	2.360759	5	0	0	0	0
5.455887	947	525.111116	2.360491	5	0	0	0	0
3.273185	948	525.170753	2.360223	3	0	0	0	0
2.181892	949	525.23039	2.359955	2	0	0	0	0
4.363322	950	525.290027	2.359687	4	0	0	0	0
2.18143	951	525.349664	2.359419	2	0	0	0	0
6.5436	952	525.409301	2.359151	6	0	0	0	0
4.361941	953	525.468939	2.358883	4	0	0	0	0
5.451852	954	525.528576	2.358616	5	0	0	0	0
2.180512	955	525.588213	2.358348	2	0	0	0	0
2.180283	956	525.64785	2.358081	2	0	0	0	0
6.540165	957	525.707487	2.357813	6	0	0	0	0
3.269741	958	525.767124	2.357546	3	0	0	0	0
4.359199	959	525.826761	2.357278	4	0	0	0	0
7.627804	960	525.886398	2.357011	7	0	0	0	0
5.447865	961	525.946035	2.356744	5	0	0	0	0
5.447299	962	526.005672	2.356476	5	0	0	0	0
2.178694	963	526.065309	2.356209	2	0	0	0	0
3.267702	964	526.124946	2.355942	3	0	0	0	0
4.356486	965	526.184583	2.355675	4	0	0	0	0
3.267027	966	526.24422	2.355408	3	0	0	0	0
4.355587	967	526.303857	2.355141	4	0	0	0	0
3.266354	968	526.363494	2.354875	3	0	0	0	0
3.266019	969	526.423131	2.354608	3	0	0	0	0
5.442806	970	526.482768	2.354341	5	0	0	0	0
6.530699	971	526.542405	2.354074	6	0	0	0	0
7.61837	972	526.602042	2.353808	7	0	0	0	0
4.35291	973	526.66168	2.353541	4	0	0	0	0
4.352466	974	526.721317	2.353275	4	0	0	0	0
6.528036	975	526.780954	2.353008	6	0	0	0	0
3.263686	976	526.840591	2.352742	3	0	0	0	0
3.263355	977	526.900228	2.352476	3	0	0	0	0
2.17535	978	526.959865	2.35221	2	0	0	0	0
4.35026	979	527.019502	2.351943	4	0	0	0	0
3.262366	980	527.079139	2.351677	3	0	0	0	0
0	981	527.138776	2.351411	0	0	0	0	0
4.348946	982	527.198413	2.351145	4	0	0	0	0
3.261382	983	527.25805	2.350879	3	0	0	0	0
2.174036	984	527.317687	2.350613	2	0	0	0	0
4.347638	985	527.377324	2.350348	4	0	0	0	0
4.347203	986	527.436961	2.350082	4	0	0	0	0
3.260077	987	527.496598	2.349816	3	0	0	0	0
1.086584	988	527.556235	2.34955	1	0	0	0	0
4.345904	989	527.615872	2.349285	4	0	0	0	0
3.259105	990	527.675509	2.349019	3	0	0	0	0
3.258782	991	527.735146	2.348754	3	0	0	0	0
1.086153	992	527.794783	2.348489	1	0	0	0	0
0	993	527.85442	2.348223	0	0	0	0	0
6.515632	994	527.914058	2.347958	6	0	0	0	0
4.343327	995	527.973695	2.347693	4	0	0	0	0
3.257175	996	528.033332	2.347428	3	0	0	0	0
4.342474	997	528.092969	2.347162	4	0	0	0	0
5.427561	998	528.152606	2.346897	5	0	0	0	0
5.42703	999	528.212243	2.346632	5	0	0	0	0
3.2559	1000	528.27188	2.346368	3	0	0	0	0
3.255583	1001	528.331517	2.346103	3	0	0	0	0
3.255266	1002	528.391154	2.345838	3	0	0	0	0
3.25495	1003	528.450791	2.345573	3	0	0	0	0
6.509268	1004	528.510428	2.345309	6	0	0	0	0
3.254319	1005	528.570065	2.345044	3	0	0	0	0
5.423341	1006	528.629702	2.344779	5	0	0	0	0
4.338254	1007	528.689339	2.344515	4	0	0	0	0
4.337836	1008	528.748976	2.34425	4	0	0	0	0
4.337419	1009	528.808613	2.343986	4	0	0	0	0
5.421253	1010	528.86825	2.343722	5	0	0	0	0
0	1011	528.927887	2.343457	0	0	0	0	0
4.336172	1012	528.987524	2.343193	4	0	0	0	0
3.251818	1013	529.047161	2.342929	3	0	0	0	0
5.41918	1014	529.106799	2.342665	5	0	0	0	0
5.418664	1015	529.166436	2.342401	5	0	0	0	0
1.08363	1016	529.226073	2.342137	1	0	0	0	0
4.334108	1017	529.28571	2.341873	4	0	0	0	0
0	1018	529.345347	2.341609	0	0	0	0	0
3.249966	1019	529.404984	2.341346	3	0	0	0	0
6.499318	1020	529.464621	2.341082	6	0	0	0	0
5.415588	1021	529.524258	2.340818	5	0	0	0	0
3.249047	1022	529.583895	2.340555	3	0	0	0	0
2.165828	1023	529.643532	2.340291	2	0	0	0	0
5.414063	1024	529.703169	2.340028	5	0	0	0	0
