-6.764037	4	222.103408	5.580824	3	0	292.03	0	0.99
4.581553	5	222.642805	5.567303	-2	0	0	0	0
2.32759	6	223.182201	5.553848	-1	0	0	0	0
-7.095408	7	223.721598	5.540457	3	0	0	0	0
0	8	224.260994	5.527131	0	0	0	0	0
-2.442504	9	224.80039	5.513869	1	0	0	0	0
0	10	225.339787	5.500671	0	0	0	0	0
2.523036	11	225.879183	5.487535	-1	0	0	0	0
5.129078	12	226.41858	5.474462	-2	0	0	0	0
-5.213793	13	226.957976	5.461452	2	0	0	0	0
-2.650129	14	227.497373	5.448502	1	0	0	0	0
2.694262	15	228.036769	5.435615	-1	0	0	0	0
0	16	228.576166	5.422788	0	0	0	0	0
2.785319	17	229.115562	5.410021	-1	0	0	0	0
0	18	229.654958	5.397314	0	0	0	0	0
0	19	230.194355	5.384667	0	0	0	0	0
-2.929271	20	230.733751	5.372079	1	0	0	0	0
2.979326	21	231.273148	5.35955	-1	0	0	0	0
0	22	231.812544	5.347079	0	0	0	0	0
-3.082717	23	232.351941	5.334666	1	0	0	0	0
3.136114	24	232.891337	5.32231	-1	0	0	0	0
-3.190687	25	233.430734	5.310012	1	0	0	0	0
-3.24647	26	233.97013	5.29777	1	0	0	0	0
-3.303498	27	234.509526	5.285585	1	0	0	0	0
-3.361805	28	235.048923	5.273455	1	0	0	0	0
0	29	235.588319	5.261381	0	0	0	0	0
6.964816	30	236.127716	5.249363	-2	0	0	0	0
3.544782	31	236.667112	5.237399	-1	0	0	0	0
-3.608591	32	237.206509	5.225489	1	0	0	0	0
-3.673879	33	237.745905	5.213633	1	0	0	0	0
-7.481379	34	238.285301	5.201832	2	0	0	0	0
-3.809068	35	238.824698	5.190083	1	0	0	0	0
-3.879063	36	239.364094	5.178387	1	0	0	0	0
-3.950722	37	239.903491	5.166744	1	0	0	0	0
4.024098	38	240.442887	5.155154	-1	0	0	0	0
-8.198488	39	240.982284	5.143615	2	0	0	0	0
-8.352429	40	241.52168	5.132127	2	0	0	0	0
-4.255067	41	242.061077	5.120691	1	0	0	0	0
0	42	242.600473	5.109306	0	0	0	0	0
8.837323	43	243.139869	5.097971	-2	0	0	0	0
4.503529	44	243.679266	5.086686	-1	0	0	0	0
0	45	244.218662	5.075452	0	0	0	0	0
0	46	244.758059	5.064266	0	0	0	0	0
9.542462	47	245.297455	5.05313	-2	0	0	0	0
-9.730148	48	245.836852	5.042043	2	0	0	0	0
4.961351	49	246.376248	5.031004	-1	0	0	0	0
0	50	246.915645	5.020014	0	0	0	0	0
0	51	247.455041	5.009072	0	0	0	0	0
-10.531248	52	247.994437	4.998177	2	0	0	0	0
5.372495	53	248.533834	4.987329	-1	0	0	0	0
-5.482249	54	249.07323	4.976528	1	0	0	0	0
11.189975	55	249.612627	4.965774	-2	0	0	0	0
11.421635	56	250.152023	4.955067	-2	0	0	0	0
-5.82985	57	250.69142	4.944405	1	0	0	0	0
5.952201	58	251.230816	4.93379	-1	0	0	0	0
-6.077993	59	251.770212	4.923219	1	0	0	0	0
0	60	252.309609	4.912694	0	0	0	0	0
0	61	252.849005	4.902214	0	0	0	0	0
-19.43196	62	253.388402	4.891779	3	0	0	0	0
-13.236424	63	253.927798	4.881388	2	0	0	0	0
-6.763246	64	254.467195	4.87104	1	0	0	0	0
-6.912583	65	255.006591	4.860737	1	0	0	0	0
0	66	255.545988	4.850477	0	0	0	0	0
0	67	256.085384	4.840261	0	0	0	0	0
-14.776295	68	256.62478	4.830087	2	0	0	0	0
7.556477	69	257.164177	4.819956	-1	0	0	0	0
-23.190137	70	257.703573	4.809867	3	0	0	0	0
-7.909072	71	258.24297	4.799821	1	0	0	0	0
8.093784	72	258.782366	4.789816	-1	0	0	0	0
-8.284423	73	259.321763	4.779853	1	0	0	0	0
8.481245	74	259.861159	4.769932	-1	0	0	0	0
8.684516	75	260.400556	4.760051	-1	0	0	0	0
-8.894522	76	260.939952	4.750212	1	0	0	0	0
18.223121	77	261.479348	4.740413	-2	0	0	0	0
18.671899	78	262.018745	4.730654	-2	0	0	0	0
-28.704071	79	262.558141	4.720935	3	0	0	0	0
9.808138	80	263.097538	4.711257	-1	0	0	0	0
10.056668	81	263.636934	4.701617	-1	0	0	0	0
0	82	264.176331	4.692018	0	0	0	0	0
-21.161194	83	264.715727	4.682457	2	0	0	0	0
-21.713736	84	265.255123	4.672935	2	0	0	0	0
11.143305	85	265.79452	4.663452	-1	0	0	0	0
11.440416	86	266.333916	4.654007	-1	0	0	0	0
-35.246233	87	266.873313	4.644601	3	0	0	0	0
0	88	267.412709	4.635232	0	0	0	0	0
-37.204193	89	267.952106	4.625901	3	0	0	0	0
-12.746998	90	268.491502	4.616608	1	0	0	0	0
-26.212743	91	269.030899	4.607352	2	0	0	0	0
-53.921083	92	269.570295	4.598133	4	0	0	0	0
13.869504	93	270.109691	4.58895	-1	0	0	0	0
-42.824813	94	270.649088	4.579805	3	0	0	0	0
-44.092508	95	271.188484	4.570696	3	0	0	0	0
0	96	271.727881	4.561622	0	0	0	0	0
0	97	272.267277	4.552585	0	0	0	0	0
32.156771	98	272.806674	4.543584	-2	0	0	0	0
0	99	273.34607	4.534618	0	0	0	0	0
17.105183	100	273.885467	4.525687	-1	0	0	0	0
-52.963586	101	274.424863	4.516792	3	0	0	0	0
-36.459846	102	274.964259	4.507931	2	0	0	0	0
37.666195	103	275.503656	4.499105	-2	0	0	0	0
19.465938	104	276.043052	4.490314	-1	0	0	0	0
-20.130498	105	276.582449	4.481557	1	0	0	0	0
-83.31609	106	277.121845	4.472834	4	0	0	0	0
0	107	277.661242	4.464145	0	0	0	0	0
-22.338025	108	278.200638	4.455489	1	0	0	0	0
0	109	278.740035	4.446867	0	0	0	0	0
-24.015615	110	279.279431	4.438279	1	0	0	0	0
-24.926002	111	279.818827	4.429723	1	0	0	0	0
-77.667891	112	280.358224	4.421201	3	0	0	0	0
-26.909914	113	280.89762	4.412711	1	0	0	0	0
-83.978298	114	281.437017	4.404254	3	0	0	0	0
0	115	281.976413	4.395829	0	0	0	0	0
30.367742	116	282.51581	4.387436	-1	0	0	0	0
0	117	283.055206	4.379075	0	0	0	0	0
66.132995	118	283.594602	4.370746	-2	0	0	0	0
-34.557358	119	284.133999	4.362449	1	0	0	0	0
-36.155406	120	284.673395	4.354183	1	0	0	0	0
-75.743947	121	285.212792	4.345948	2	0	0	0	0
-39.720026	122	285.752188	4.337745	1	0	0	0	0
41.714473	123	286.291585	4.329572	-1	0	0	0	0
-87.745085	124	286.830981	4.32143	2	0	0	0	0
0	125	287.370378	4.313319	0	0	0	0	0
0	126	287.909774	4.305238	0	0	0	0	0
0	127	288.44917	4.297187	0	0	0	0	0
-54.596589	128	288.988567	4.289166	1	0	0	0	0
57.952868	129	289.527963	4.281175	-1	0	0	0	0
-123.32356	130	290.06736	4.273214	2	0	0	0	0
0	131	290.606756	4.265283	0	0	0	0	0
0	132	291.146153	4.257381	0	0	0	0	0
-151.077202	133	291.685549	4.249508	2	0	0	0	0
-81.372819	134	292.224946	4.241664	1	0	0	0	0
0	135	292.764342	4.233849	0	0	0	0	0
-191.293709	136	293.303738	4.226063	2	0	0	0	0
-208.991562	137	293.843135	4.218305	2	0	0	0	0
0	138	294.382531	4.210576	0	0	0	0	0
-381.630383	139	294.921928	4.202875	3	0	0	0	0
0	140	295.461324	4.195202	0	0	0	0	0
-320.863742	141	296.000721	4.187557	2	0	0	0	0
-183.520908	142	296.540117	4.17994	1	0	0	0	0
0	143	297.079513	4.172351	0	0	0	0	0
-253.888874	144	297.61891	4.164789	1	0	0	0	0
-311.313096	145	298.158306	4.157255	1	0	0	0	0
-798.594434	146	298.697703	4.149747	2	0	0	0	0
-550.937989	147	299.237099	4.142267	1	0	0	0	0
0	148	299.776496	4.134814	0	0	0	0	0
0	149	300.315892	4.127387	0	0	0	0	0
-6927.146466	150	300.855289	4.119987	-1	0	0	0	0
1312.089567	151	301.394685	4.112614	1	0	0	0	0
1467.7386	152	301.934081	4.105267	2	0	0	0	0
0	153	302.473478	4.097946	0	0	0	0	0
397.975377	154	303.012874	4.090651	1	0	0	0	0
326.502256	155	303.552271	4.083382	1	0	0	0	0
278.051033	156	304.091667	4.076139	1	0	0	0	0
0	157	304.631064	4.068922	0	0	0	0	0
-216.650967	158	305.17046	4.06173	-1	0	0	0	0
-392.023395	159	305.709857	4.054563	-2	0	0	0	0
-179.458631	160	306.249253	4.047422	-1	0	0	0	0
0	161	306.788649	4.040306	0	0	0	0	0
154.606002	162	307.328046	4.033215	1	0	0	0	0
0	163	307.867442	4.026148	0	0	0	0	0
0	164	308.406839	4.019107	0	0	0	0	0
129.845609	165	308.946235	4.01209	1	0	0	0	0
0	166	309.485632	4.005097	0	0	0	0	0
118.303812	167	310.025028	3.998129	1	0	0	0	0
227.069597	168	310.564424	3.991185	2	0	0	0	0
-218.591856	169	311.103821	3.984265	-2	0	0	0	0
105.509438	170	311.643217	3.977369	1	0	0	0	0
0	171	312.182614	3.970497	0	0	0	0	0
-99.052633	172	312.72201	3.963648	-1	0	0	0	0
96.287828	173	313.261407	3.956823	1	0	0	0	0
281.346401	174	313.800803	3.950022	3	0	0	0	0
183.011081	175	314.3402	3.943244	2	0	0	0	0
357.730556	176	314.879596	3.936489	4	0	0	0	0
-175.083552	177	315.418992	3.929757	-2	0	0	0	0
0	178	315.958389	3.923048	0	0	0	0	0
84.234487	179	316.497785	3.916362	1	0	0	0	0
165.576418	180	317.037182	3.909699	2	0	0	0	0
407.317493	181	317.576578	3.903059	5	0	0	0	0
80.24982	182	318.115975	3.896441	1	0	0	0	0
-79.137929	183	318.655371	3.889845	-1	0	0	0	0
-78.119686	184	319.194768	3.883272	-1	0	0	0	0
-77.1879	185	319.734164	3.876721	-1	0	0	0	0
-152.672399	186	320.27356	3.870191	-2	0	0	0	0
75.55892	187	320.812957	3.863684	1	0	0	0	0
-74.851017	188	321.352353	3.857199	-1	0	0	0	0
74.207983	189	321.89175	3.850736	1	0	0	0	0
220.87736	190	322.431146	3.844294	3	0	0	0	0
73.100811	191	322.970543	3.837873	1	0	0	0	0
290.519237	192	323.509939	3.831474	4	0	0	0	0
144.419718	193	324.049336	3.825097	2	0	0	0	0
143.67666	194	324.588732	3.81874	2	0	0	0	0
286.051401	195	325.128128	3.812405	4	0	0	0	0
142.462559	196	325.667525	3.80609	2	0	0	0	0
0	197	326.206921	3.799797	0	0	0	0	0
70.792328	198	326.746318	3.793524	1	0	0	0	0
0	199	327.285714	3.787272	0	0	0	0	0
70.508164	200	327.825111	3.78104	1	0	0	0	0
0	201	328.364507	3.774829	0	0	0	0	0
0	202	328.903903	3.768639	0	0	0	0	0
0	203	329.4433	3.762468	0	0	0	0	0
-70.362873	204	329.982696	3.756318	-1	0	0	0	0
-70.408736	205	330.522093	3.750188	-1	0	0	0	0
140.971677	206	331.061489	3.744078	2	0	0	0	0
0	207	331.600886	3.737988	0	0	0	0	0
141.462349	208	332.140282	3.731917	2	0	0	0	0
70.898298	209	332.679679	3.725866	1	0	0	0	0
142.188862	210	333.219075	3.719835	2	0	0	0	0
71.31918	211	333.758471	3.713823	1	0	0	0	0
143.144411	212	334.297868	3.707831	2	0	0	0	0
215.559673	213	334.837264	3.701858	3	0	0	0	0
0	214	335.376661	3.695904	0	0	0	0	0
-72.498341	215	335.916057	3.689969	-1	0	0	0	0
145.724204	216	336.455454	3.684054	2	0	0	0	0
-219.759524	217	336.99485	3.678157	-3	0	0	0	0
73.67149	218	337.534247	3.672279	1	0	0	0	0
148.234026	219	338.073643	3.66642	2	0	0	0	0
0	220	338.613039	3.66058	0	0	0	0	0
-75.089709	221	339.152436	3.654758	-1	0	0	0	0
-75.616968	222	339.691832	3.648954	-1	0	0	0	0
-76.171607	223	340.231229	3.643169	-1	0	0	0	0
76.753733	224	340.770625	3.637403	1	0	0	0	0
154.726956	225	341.310022	3.631654	2	0	0	0	0
78.000995	226	341.849418	3.625924	1	0	0	0	0
78.666455	227	342.388814	3.620212	1	0	0	0	0
238.080134	228	342.928211	3.614517	3	0	0	0	0
240.2459	229	343.467607	3.608841	3	0	0	0	0
161.66487	230	344.007004	3.603182	2	0	0	0	0
163.223347	231	344.5464	3.597542	2	0	0	0	0
0	232	345.085797	3.591918	0	0	0	0	0
-166.514782	233	345.625193	3.586313	-2	0	0	0	0
0	234	346.16459	3.580724	0	0	0	0	0
0	235	346.703986	3.575154	0	0	0	0	0
171.895252	236	347.243382	3.5696	2	0	0	0	0
86.904413	237	347.782779	3.564064	1	0	0	0	0
351.566352	238	348.322175	3.558545	4	0	0	0	0
88.909351	239	348.861572	3.553043	1	0	0	0	0
-89.957882	240	349.400968	3.547557	-1	0	0	0	0
-91.037337	241	349.940365	3.542089	-1	0	0	0	0
368.591381	242	350.479761	3.536638	4	0	0	0	0
186.578998	243	351.019158	3.531203	2	0	0	0	0
188.924703	244	351.558554	3.525785	2	0	0	0	0
382.665638	245	352.09795	3.520384	4	0	0	0	0
96.901627	246	352.637347	3.514999	1	0	0	0	0
196.335796	247	353.176743	3.509631	2	0	0	0	0
298.395142	248	353.71614	3.504279	3	0	0	0	0
201.58565	249	354.255536	3.498943	2	0	0	0	0
-102.150895	250	354.794933	3.493624	-1	0	0	0	0
310.616483	251	355.334329	3.48832	3	0	0	0	0
104.956089	252	355.873725	3.483033	1	0	0	0	0
638.412181	253	356.413122	3.477762	6	0	0	0	0
1078.758779	254	356.952518	3.472507	10	0	0	0	0
1640.650815	255	357.491915	3.467267	15	0	0	0	0
3659.815504	256	358.031311	3.462044	33	0	0	0	0
5397.839763	257	358.570708	3.456836	48	0	0	0	0
5245.371353	258	359.110104	3.451643	46	0	0	0	0
6012.571302	259	359.649501	3.446467	52	0	0	0	0
6213.873363	260	360.188897	3.441305	53	0	0	0	0
7013.765928	261	360.728293	3.43616	59	0	0	0	0
7834.296659	262	361.26769	3.431029	65	0	0	0	0
8919.957496	263	361.807086	3.425914	73	0	0	0	0
10280.825	264	362.346483	3.420814	83	0	0	0	0
12052.52832	265	362.885879	3.415729	96	0	0	0	0
14377.3738	266	363.425276	3.41066	113	0	0	0	0
16888.59019	267	363.964672	3.405605	131	0	0	0	0
20243.744	268	364.504069	3.400566	155	0	0	0	0
25133.60157	269	365.043465	3.395541	190	0	0	0	0
29736.48079	270	365.582861	3.390531	222	0	0	0	0
36882.6946	271	366.122258	3.385536	272	0	0	0	0
45559.45311	272	366.661654	3.380555	332	0	0	0	0
53449.65795	273	367.201051	3.375589	385	0	0	0	0
63742.37387	274	367.740447	3.370638	454	0	0	0	0
73948.56335	275	368.279844	3.365701	521	0	0	0	0
82900.62722	276	368.81924	3.360779	578	0	0	0	0
98075.75163	277	369.358636	3.355871	677	0	0	0	0
115101.8653	278	369.898033	3.350978	787	0	0	0	0
138722.9652	279	370.437429	3.346098	940	0	0	0	0
163120.5816	280	370.976826	3.341233	1096	0	0	0	0
178664.8656	281	371.516222	3.336382	1191	0	0	0	0
187377.1316	282	372.055619	3.331545	1240	0	0	0	0
193193.0502	283	372.595015	3.326722	1270	0	0	0	0
191754.0107	284	373.134412	3.321913	1253	0	0	0	0
186467.0434	285	373.673808	3.317118	1212	0	0	0	0
174960.7583	286	374.213204	3.312336	1132	0	0	0	0
164309.39	287	374.752601	3.307569	1059	0	0	0	0
152988.5617	288	375.291997	3.302815	983	0	0	0	0
143356.3363	289	375.831394	3.298075	919	0	0	0	0
132477.1483	290	376.37079	3.293348	848	0	0	0	0
118181.6887	291	376.910187	3.288635	756	0	0	0	0
102529.2358	292	377.449583	3.283935	656	0	0	0	0
86183.53637	293	377.98898	3.279249	552	0	0	0	0
69811.21006	294	378.528376	3.274576	448	0	0	0	0
55474.5316	295	379.067772	3.269917	357	0	0	0	0
45206.38992	296	379.607169	3.26527	292	0	0	0	0
37293.67872	297	380.146565	3.260637	242	0	0	0	0
29886.00899	298	380.685962	3.256017	195	0	0	0	0
25431.63051	299	381.225358	3.25141	167	0	0	0	0
21165.2172	300	381.764755	3.246816	140	0	0	0	0
17994.01803	301	382.304151	3.242235	120	0	0	0	0
14859.97918	302	382.843548	3.237667	100	0	0	0	0
11917.86645	303	383.382944	3.233112	81	0	0	0	0
10189.12238	304	383.92234	3.22857	70	0	0	0	0
9208.329084	305	384.461737	3.22404	64	0	0	0	0
7531.536182	306	385.001133	3.219523	53	0	0	0	0
7011.936152	307	385.54053	3.215019	50	0	0	0	0
6084.764193	308	386.079926	3.210527	44	0	0	0	0
5450.636618	309	386.619323	3.206048	40	0	0	0	0
4159.382907	310	387.158719	3.201581	31	0	0	0	0
2772.436376	311	387.698115	3.197127	21	0	0	0	0
1947.222176	312	388.237512	3.192685	15	0	0	0	0
1403.194523	313	388.776908	3.188255	11	0	0	0	0
1252.730205	314	389.316305	3.183838	10	0	0	0	0
614.757643	315	389.855701	3.179433	5	0	0	0	0
120.605498	316	390.395098	3.17504	1	0	0	0	0
472.965967	317	390.934494	3.170659	4	0	0	0	0
695.194609	318	391.473891	3.16629	6	0	0	0	0
680.905535	319	392.013287	3.161934	6	0	0	0	0
444.410137	320	392.552683	3.157589	4	0	0	0	0
543.629103	321	393.09208	3.153256	5	0	0	0	0
319.076883	322	393.631476	3.148935	3	0	0	0	0
312.019283	323	394.170873	3.144626	3	0	0	0	0
406.689274	324	394.710269	3.140329	4	0	0	0	0
397.441455	325	395.249666	3.136043	4	0	0	0	0
388.295726	326	395.789062	3.131769	4	0	0	0	0
94.81604	327	396.328459	3.127507	1	0	0	0	0
277.768111	328	396.867855	3.123256	3	0	0	0	0
361.585118	329	397.407251	3.119017	4	0	0	0	0
352.955276	330	397.946648	3.114789	4	0	0	0	0
86.11875	331	398.486044	3.110573	1	0	0	0	0
168.075121	332	399.025441	3.106368	2	0	0	0	0
573.975406	333	399.564837	3.102175	7	0	0	0	0
239.989578	334	400.104234	3.097993	3	0	0	0	0
78.03846	335	400.64363	3.093822	1	0	0	0	0
304.491469	336	401.183026	3.089662	4	0	0	0	0
297.000582	337	401.722423	3.085514	4	0	0	0	0
144.841048	338	402.261819	3.081376	2	0	0	0	0
353.170406	339	402.801216	3.07725	5	0	0	0	0
137.781519	340	403.340612	3.073135	2	0	0	0	0
134.380758	341	403.880009	3.06903	2	0	0	0	0
196.597956	342	404.419405	3.064937	3	0	0	0	0
63.917195	343	404.958802	3.060855	1	0	0	0	0
0	344	405.498198	3.056783	0	0	0	0	0
121.62228	345	406.037594	3.052722	2	0	0	0	0
237.27758	346	406.576991	3.048672	4	0	0	0	0
-57.867643	347	407.116387	3.044633	-1	0	0	0	0
112.910355	348	407.655784	3.040604	2	0	0	0	0
110.162509	349	408.19518	3.036587	2	0	0	0	0
161.23529	350	408.734577	3.032579	3	0	0	0	0
104.891806	351	409.273973	3.028583	2	0	0	0	0
102.365706	352	409.81337	3.024596	2	0	0	0	0
149.865332	353	410.352766	3.020621	3	0	0	0	0
48.761831	354	410.892162	3.016655	1	0	0	0	0
47.602163	355	411.431559	3.0127	1	0	0	0	0
92.950508	356	411.970955	3.008756	2	0	0	0	0
136.140752	357	412.510352	3.004822	3	0	0	0	0
177.265222	358	413.049748	3.000898	4	0	0	0	0
216.41288	359	413.589145	2.996984	5	0	0	0	0
-42.278228	360	414.128541	2.99308	-1	0	0	0	0
123.907318	361	414.667937	2.989187	3	0	0	0	0
-40.354397	362	415.207334	2.985304	-1	0	0	0	0
0	363	415.74673	2.981431	0	0	0	0	0
38.538374	364	416.286127	2.977567	1	0	0	0	0
75.337679	365	416.825523	2.973714	2	0	0	0	0
36.823947	366	417.36492	2.969871	1	0	0	0	0
72.005921	367	417.904316	2.966038	2	0	0	0	0
70.410319	368	418.443713	2.962214	2	0	0	0	0
68.859686	369	418.983109	2.958401	2	0	0	0	0
67.352652	370	419.522505	2.954597	2	0	0	0	0
65.887884	371	420.061902	2.950803	2	0	0	0	0
32.232042	372	420.601298	2.947019	1	0	0	0	0
94.619984	373	421.140695	2.943244	3	0	0	0	0
0	374	421.680091	2.93948	0	0	0	0	0
30.213022	375	422.219488	2.935724	1	0	0	0	0
-59.153845	376	422.758884	2.931979	-2	0	0	0	0
-28.958327	377	423.298281	2.928242	-1	0	0	0	0
28.35669	378	423.837677	2.924516	1	0	0	0	0
27.771484	379	424.377073	2.920799	1	0	0	0	0
27.202197	380	424.91647	2.917091	1	0	0	0	0
26.648335	381	425.455866	2.913393	1	0	0	0	0
-26.109416	382	425.995263	2.909704	-1	0	0	0	0
0	383	426.534659	2.906024	0	0	0	0	0
-25.074564	384	427.074056	2.902354	-1	0	0	0	0
-24.577746	385	427.613452	2.898693	-1	0	0	0	0
24.094099	386	428.152849	2.895041	1	0	0	0	0
47.246433	387	428.692245	2.891398	2	0	0	0	0
46.329407	388	429.231641	2.887765	2	0	0	0	0
22.718178	389	429.771038	2.88414	1	0	0	0	0
22.283272	390	430.310434	2.880525	1	0	0	0	0
43.719256	391	430.849831	2.876919	2	0	0	0	0
21.446902	392	431.389227	2.873322	1	0	0	0	0
63.134277	393	431.928624	2.869733	3	0	0	0	0
-41.305755	394	432.46802	2.866154	-2	0	0	0	0
0	395	433.007416	2.862584	0	0	0	0	0
19.898662	396	433.546813	2.859022	1	0	0	0	0
39.07147	397	434.086209	2.85547	2	0	0	0	0
-19.181884	398	434.625606	2.851926	-1	0	0	0	0
18.836835	399	435.165002	2.848391	1	0	0	0	0
37.000653	400	435.704399	2.844865	2	0	0	0	0
54.516311	401	436.243795	2.841347	3	0	0	0	0
53.55576	402	436.783192	2.837838	3	0	0	0	0
17.539538	403	437.322588	2.834338	1	0	0	0	0
-17.234728	404	437.861984	2.830846	-1	0	0	0	0
50.811802	405	438.401381	2.827363	3	0	0	0	0
33.293883	406	438.940777	2.823889	2	0	0	0	0
49.090627	407	439.480174	2.820423	3	0	0	0	0
32.173738	408	440.01957	2.816966	2	0	0	0	0
-15.816727	409	440.558967	2.813517	-1	0	0	0	0
-15.552929	410	441.098363	2.810076	-1	0	0	0	0
-15.295293	411	441.63776	2.806644	-1	0	0	0	0
45.130927	412	442.177156	2.80322	3	0	0	0	0
0	413	442.716552	2.799805	0	0	0	0	0
87.345745	414	443.255949	2.796398	6	0	0	0	0
28.645865	415	443.795345	2.792999	2	0	0	0	0
0	416	444.334742	2.789609	0	0	0	0	0
0	417	444.874138	2.786226	0	0	0	0	0
13.650294	418	445.413535	2.782852	1	0	0	0	0
53.744311	419	445.952931	2.779486	4	0	0	0	0
26.453263	420	446.492327	2.776128	2	0	0	0	0
0	421	447.031724	2.772779	0	0	0	0	0
-25.643057	422	447.57112	2.769437	-2	0	0	0	0
12.625622	423	448.110517	2.766103	1	0	0	0	0
-12.433986	424	448.649913	2.762778	-1	0	0	0	0
36.739513	425	449.18931	2.75946	3	0	0	0	0
12.063067	426	449.728706	2.756151	1	0	0	0	0
11.883565	427	450.268103	2.752849	1	0	0	0	0
11.707894	428	450.807499	2.749555	1	0	0	0	0
23.071906	429	451.346895	2.746269	2	0	0	0	0
11.367643	430	451.886292	2.742991	1	0	0	0	0
0	431	452.425688	2.739721	0	0	0	0	0
11.041538	432	452.965085	2.736458	1	0	0	0	0
32.650687	433	453.504481	2.733203	3	0	0	0	0
0	434	454.043878	2.729956	0	0	0	0	0
0	435	454.583274	2.726717	0	0	0	0	0
20.857808	436	455.122671	2.723486	2	0	0	0	0
10.283503	437	455.662067	2.720262	1	0	0	0	0
20.282094	438	456.201463	2.717045	2	0	0	0	0
30.004387	439	456.74086	2.713836	3	0	0	0	0
19.729354	440	457.280256	2.710635	2	0	0	0	0
9.73062	441	457.819653	2.707442	1	0	0	0	0
9.599225	442	458.359049	2.704256	1	0	0	0	0
0	443	458.898446	2.701077	0	0	0	0	0
18.688307	444	459.437842	2.697906	2	0	0	0	0
9.220352	445	459.977238	2.694742	1	0	0	0	0
9.098958	446	460.516635	2.691586	1	0	0	0	0
0	447	461.056031	2.688437	0	0	0	0	0
0	448	461.595428	2.685295	0	0	0	0	0
34.994585	449	462.134824	2.682161	4	0	0	0	0
17.272629	450	462.674221	2.679034	2	0	0	0	0
25.578341	451	463.213617	2.675914	3	0	0	0	0
8.417993	452	463.753014	2.672802	1	0	0	0	0
8.311903	453	464.29241	2.669697	1	0	0	0	0
24.62339	454	464.831806	2.666599	3	0	0	0	0
24.316879	455	465.371203	2.663508	3	0	0	0	0
24.016041	456	465.910599	2.660425	3	0	0	0	0
15.81383	457	466.449996	2.657348	2	0	0	0	0
31.241149	458	466.989392	2.654279	4	0	0	0	0
15.430845	459	467.528789	2.651216	2	0	0	0	0
22.866838	460	468.068185	2.648161	3	0	0	0	0
7.530819	461	468.607582	2.645113	1	0	0	0	0
0	462	469.146978	2.642072	0	0	0	0	0
14.705591	463	469.686374	2.639038	2	0	0	0	0
14.532317	464	470.225771	2.63601	2	0	0	0	0
28.724228	465	470.765167	2.63299	4	0	0	0	0
21.29237	466	471.304564	2.629977	3	0	0	0	0
14.030649	467	471.84396	2.62697	2	0	0	0	0
27.738512	468	472.383357	2.623971	4	0	0	0	0
-6.855335	469	472.922753	2.620978	-1	0	0	0	0
27.10966	470	473.46215	2.617992	4	0	0	0	0
20.102514	471	474.001546	2.615013	3	0	0	0	0
26.502299	472	474.540942	2.61204	4	0	0	0	0
19.65479	473	475.080339	2.609075	3	0	0	0	0
25.915504	474	475.619735	2.606116	4	0	0	0	0
32.036929	475	476.159132	2.603163	5	0	0	0	0
25.348399	476	476.698528	2.600218	4	0	0	0	0
0	477	477.237925	2.597279	0	0	0	0	0
24.800154	478	477.777321	2.594347	4	0	0	0	0
12.266427	479	478.316717	2.591421	2	0	0	0	0
6.067494	480	478.856114	2.588502	1	0	0	0	0
18.008571	481	479.39551	2.58559	3	0	0	0	0
11.878559	482	479.934907	2.582684	2	0	0	0	0
23.50696	483	480.474303	2.579784	4	0	0	0	0
23.260866	484	481.0137	2.576891	4	0	0	0	0
28.773443	485	481.553096	2.574005	5	0	0	0	0
22.780542	486	482.092493	2.571125	4	0	0	0	0
11.273075	487	482.631889	2.568251	2	0	0	0	0
22.315501	488	483.171285	2.565384	4	0	0	0	0
22.088519	489	483.710682	2.562524	4	0	0	0	0
16.398847	490	484.250078	2.559669	3	0	0	0	0
5.411315	491	484.789475	2.556821	1	0	0	0	0
32.143266	492	485.328871	2.55398	6	0	0	0	0
21.215809	493	485.868268	2.551144	4	0	0	0	0
15.754566	494	486.407664	2.548315	3	0	0	0	0
25.999522	495	486.947061	2.545492	5	0	0	0	0
25.745415	496	487.486457	2.542676	5	0	0	0	0
25.495213	497	488.025853	2.539865	5	0	0	0	0
30.298607	498	488.56525	2.537061	6	0	0	0	0
10.002488	499	489.104646	2.534263	2	0	0	0	0
19.813825	500	489.644043	2.531472	4	0	0	0	0
29.438343	501	490.183439	2.528686	6	0	0	0	0
19.440133	502	490.722836	2.525906	4	0	0	0	0
28.886223	503	491.262232	2.523133	6	0	0	0	0
19.077558	504	491.801628	2.520366	4	0	0	0	0
14.175231	505	492.341025	2.517605	3	0	0	0	0
23.407102	506	492.880421	2.514849	5	0	0	0	0
27.830445	507	493.419818	2.5121	6	0	0	0	0
32.172185	508	493.959214	2.509357	7	0	0	0	0
22.771325	509	494.498611	2.50662	5	0	0	0	0
22.56556	510	495.038007	2.503889	5	0	0	0	0
31.307894	511	495.577404	2.501163	7	0	0	0	0
22.162932	512	496.1168	2.498444	5	0	0	0	0
21.965961	513	496.656196	2.49573	5	0	0	0	0
30.480538	514	497.195593	2.493023	7	0	0	0	0
8.632175	515	497.734989	2.490321	2	0	0	0	0
25.670143	516	498.274386	2.487625	6	0	0	0	0
33.929292	517	498.813782	2.484935	8	0	0	0	0
29.431435	518	499.353179	2.482251	7	0	0	0	0
20.841679	519	499.892575	2.479573	5	0	0	0	0
28.92881	520	500.431972	2.4769	7	0	0	0	0
24.585217	521	500.971368	2.474233	6	0	0	0	0
32.502989	522	501.510764	2.471572	8	0	0	0	0
28.200839	523	502.050161	2.468917	7	0	0	0	0
23.969883	524	502.589557	2.466267	6	0	0	0	0
31.693864	525	503.128954	2.463623	8	0	0	0	0
35.360466	526	503.66835	2.460984	9	0	0	0	0
35.069363	527	504.207747	2.458352	9	0	0	0	0
19.323453	528	504.747143	2.455725	5	0	0	0	0
26.832521	529	505.286539	2.453103	7	0	0	0	0
26.615181	530	505.825936	2.450487	7	0	0	0	0
33.943837	531	506.365332	2.447877	9	0	0	0	0
22.447898	532	506.904729	2.445272	6	0	0	0	0
25.98049	533	507.444125	2.442673	7	0	0	0	0
33.138694	534	507.983522	2.440079	9	0	0	0	0
29.224364	535	508.522918	2.437491	8	0	0	0	0
39.868369	536	509.062315	2.434908	11	0	0	0	0
32.36513	537	509.601711	2.432331	9	0	0	0	0
42.818694	538	510.141107	2.429759	12	0	0	0	0
38.947565	539	510.680504	2.427193	11	0	0	0	0
42.162112	540	511.2199	2.424632	12	0	0	0	0
45.326884	541	511.759297	2.422076	13	0	0	0	0
31.141837	542	512.298693	2.419526	9	0	0	0	0
30.906592	543	512.83809	2.416981	9	0	0	0	0
37.490891	544	513.377486	2.414442	11	0	0	0	0
43.976268	545	513.916883	2.411908	13	0	0	0	0
30.218773	546	514.456279	2.409379	9	0	0	0	0
36.660937	547	514.995675	2.406855	11	0	0	0	0
36.391275	548	515.535072	2.404337	11	0	0	0	0
36.125014	549	516.074468	2.401824	11	0	0	0	0
29.341719	550	516.613865	2.399316	9	0	0	0	0
25.892713	551	517.153261	2.396814	8	0	0	0	0
41.772667	552	517.692658	2.394316	13	0	0	0	0
38.283181	553	518.232054	2.391824	12	0	0	0	0
38.010402	554	518.77145	2.389337	12	0	0	0	0
31.45083	555	519.310847	2.386856	10	0	0	0	0
34.351999	556	519.850243	2.384379	11	0	0	0	0
31.010074	557	520.38964	2.381908	10	0	0	0	0
27.714366	558	520.929036	2.379441	9	0	0	0	0
36.696053	559	521.468433	2.37698	12	0	0	0	0
30.368948	560	522.007829	2.374524	10	0	0	0	0
33.176451	561	522.547226	2.372073	11	0	0	0	0
44.931589	562	523.086622	2.369627	15	0	0	0	0
44.626285	563	523.626018	2.367186	15	0	0	0	0
38.414693	564	524.165415	2.36475	13	0	0	0	0
41.09151	565	524.704811	2.362319	14	0	0	0	0
37.901193	566	525.244208	2.359893	13	0	0	0	0
40.545098	567	525.783604	2.357472	14	0	0	0	0
40.276746	568	526.323001	2.355056	14	0	0	0	0
37.153596	569	526.862397	2.352645	13	0	0	0	0
39.74951	570	527.401794	2.350238	14	0	0	0	0
33.849028	571	527.94119	2.347837	12	0	0	0	0
44.83953	572	528.480586	2.345441	16	0	0	0	0
33.412829	573	529.019983	2.343049	12	0	0	0	0
35.965078	574	529.559379	2.340663	13	0	0	0	0
41.233406	575	530.098776	2.338281	15	0	0	0	0
38.240261	576	530.638172	2.335904	14	0	0	0	0
35.284626	577	531.177569	2.333532	13	0	0	0	0
37.760172	578	531.716965	2.331165	14	0	0	0	0
34.843949	579	532.256362	2.328803	13	0	0	0	0
42.61832	580	532.795758	2.326445	16	0	0	0	0
39.707643	581	533.335154	2.324092	15	0	0	0	0
42.094313	582	533.874551	2.321744	16	0	0	0	0
36.607165	583	534.413947	2.319401	14	0	0	0	0
41.582118	584	534.953344	2.317062	16	0	0	0	0
43.913492	585	535.49274	2.314728	17	0	0	0	0
48.784164	586	536.032137	2.312399	19	0	0	0	0
48.491856	587	536.571533	2.310074	19	0	0	0	0
45.665823	588	537.110929	2.307754	18	0	0	0	0
45.395045	589	537.650326	2.305439	18	0	0	0	0
50.141417	590	538.189722	2.303128	20	0	0	0	0
47.354832	591	538.729119	2.300822	19	0	0	0	0
39.644973	592	539.268515	2.298521	16	0	0	0	0
46.805026	593	539.807912	2.296224	19	0	0	0	0
48.983843	594	540.347308	2.293932	20	0	0	0	0
43.83212	595	540.886705	2.291644	18	0	0	0	0
46.002748	596	541.426101	2.289361	19	0	0	0	0
40.926284	597	541.965497	2.287083	17	0	0	0	0
40.694759	598	542.504894	2.284809	17	0	0	0	0
49.987096	599	543.04429	2.282539	21	0	0	0	0
42.606218	600	543.583687	2.280274	18	0	0	0	0
40.015111	601	544.123083	2.278014	17	0	0	0	0
37.452637	602	544.66248	2.275758	16	0	0	0	0
44.2299	603	545.201876	2.273506	19	0	0	0	0
41.672289	604	545.741273	2.271259	18	0	0	0	0
43.74752	605	546.280669	2.269017	19	0	0	0	0
48.090198	606	546.820065	2.266779	21	0	0	0	0
43.275358	607	547.359462	2.264545	19	0	0	0	0
52.104713	608	547.898858	2.262315	23	0	0	0	0
38.306498	609	548.438255	2.26009	17	0	0	0	0
42.585689	610	548.977651	2.25787	19	0	0	0	0
42.360625	611	549.517048	2.255653	19	0	0	0	0
37.70235	612	550.056444	2.253441	17	0	0	0	0
44.123733	613	550.59584	2.251234	20	0	0	0	0
46.088891	614	551.135237	2.249031	21	0	0	0	0
41.483669	615	551.674633	2.246832	19	0	0	0	0
36.925886	616	552.21403	2.244637	17	0	0	0	0
45.380733	617	552.753426	2.242447	21	0	0	0	0
47.299531	618	553.292823	2.24026	22	0	0	0	0
42.781671	619	553.832219	2.238079	20	0	0	0	0
38.30941	620	554.371616	2.235901	18	0	0	0	0
42.352566	621	554.911012	2.233728	20	0	0	0	0
40.03424	622	555.450408	2.231558	19	0	0	0	0
41.932205	623	555.989805	2.229393	20	0	0	0	0
45.897759	624	556.529201	2.227233	22	0	0	0	0
41.520372	625	557.068598	2.225076	20	0	0	0	0
45.449346	626	557.607994	2.222924	22	0	0	0	0
41.116856	627	558.147391	2.220775	20	0	0	0	0
45.009969	628	558.686787	2.218631	22	0	0	0	0
50.901819	629	559.226184	2.216491	25	0	0	0	0
46.605745	630	559.76558	2.214356	23	0	0	0	0
44.367367	631	560.304976	2.212224	22	0	0	0	0
48.171763	632	560.844373	2.210096	24	0	0	0	0
43.94963	633	561.383769	2.207973	22	0	0	0	0
41.755526	634	561.923166	2.205853	21	0	0	0	0
43.540187	635	562.462562	2.203738	22	0	0	0	0
43.338513	636	563.001959	2.201626	22	0	0	0	0
43.138838	637	563.541355	2.199519	22	0	0	0	0
46.844879	638	564.080751	2.197416	24	0	0	0	0
42.745391	639	564.620148	2.195317	22	0	0	0	0
42.551573	640	565.159544	2.193221	22	0	0	0	0
42.359661	641	565.698941	2.19113	22	0	0	0	0
47.920037	642	566.238337	2.189043	25	0	0	0	0
47.70621	643	566.777734	2.18696	25	0	0	0	0
49.394254	644	567.31713	2.18488	26	0	0	0	0
47.284805	645	567.856527	2.182805	25	0	0	0	0
39.544829	646	568.395923	2.180733	21	0	0	0	0
46.871569	647	568.935319	2.178666	25	0	0	0	0
44.801237	648	569.474716	2.176602	24	0	0	0	0
42.749008	649	570.014112	2.174543	23	0	0	0	0
40.714627	650	570.553509	2.172487	22	0	0	0	0
44.226102	651	571.092905	2.170435	24	0	0	0	0
40.368237	652	571.632302	2.168387	22	0	0	0	0
40.197537	653	572.171698	2.166343	22	0	0	0	0
47.306381	654	572.711095	2.164302	26	0	0	0	0
43.484766	655	573.250491	2.162266	24	0	0	0	0
50.521159	656	573.789887	2.160233	28	0	0	0	0
50.312107	657	574.329284	2.158204	28	0	0	0	0
42.947184	658	574.86868	2.156179	24	0	0	0	0
46.335676	659	575.408077	2.154158	26	0	0	0	0
47.921933	660	575.947473	2.152141	27	0	0	0	0
44.192507	661	576.48687	2.150127	25	0	0	0	0
42.253972	662	577.026266	2.148117	24	0	0	0	0
45.591816	663	577.565663	2.146111	26	0	0	0	0
47.156774	664	578.105059	2.144109	27	0	0	0	0
41.751092	665	578.644455	2.14211	24	0	0	0	0
41.586615	666	579.183852	2.140115	24	0	0	0	0
44.875656	667	579.723248	2.138124	26	0	0	0	0
44.700804	668	580.262645	2.136136	26	0	0	0	0
46.240189	669	580.802041	2.134152	27	0	0	0	0
40.943996	670	581.341438	2.132172	24	0	0	0	0
45.885468	671	581.880834	2.130196	27	0	0	0	0
40.631633	672	582.42023	2.128223	24	0	0	0	0
43.850768	673	582.959627	2.126254	26	0	0	0	0
45.365697	674	583.499023	2.124288	27	0	0	0	0
45.195653	675	584.03842	2.122326	27	0	0	0	0
43.359513	676	584.577816	2.120368	26	0	0	0	0
46.521774	677	585.117213	2.118413	28	0	0	0	0
41.384188	678	585.656609	2.116462	25	0	0	0	0
44.531092	679	586.196006	2.114515	27	0	0	0	0
46.012062	680	586.735402	2.112571	28	0	0	0	0
47.482616	681	587.274798	2.11063	29	0	0	0	0
44.048613	682	587.814195	2.108694	27	0	0	0	0
42.265156	683	588.353591	2.10676	26	0	0	0	0
40.494738	684	588.892988	2.104831	25	0	0	0	0
41.96528	685	589.432384	2.102904	26	0	0	0	0
43.425764	686	589.971781	2.100982	27	0	0	0	0
40.068152	687	590.511177	2.099063	25	0	0	0	0
39.928553	688	591.050574	2.097147	25	0	0	0	0
38.19862	689	591.58997	2.095235	24	0	0	0	0
44.411549	690	592.129366	2.093326	28	0	0	0	0
39.517359	691	592.668763	2.091421	25	0	0	0	0
45.684032	692	593.208159	2.089519	29	0	0	0	0
43.959372	693	593.747556	2.087621	28	0	0	0	0
39.117304	694	594.286952	2.085726	25	0	0	0	0
40.545825	695	594.826349	2.083835	26	0	0	0	0
40.410891	696	595.365745	2.081947	26	0	0	0	0
38.728057	697	595.905141	2.080063	25	0	0	0	0
43.232733	698	596.444538	2.078181	28	0	0	0	0
41.552358	699	596.983934	2.076304	27	0	0	0	0
41.417243	700	597.523331	2.074429	27	0	0	0	0
39.754337	701	598.062727	2.072559	26	0	0	0	0
41.150667	702	598.602124	2.070691	27	0	0	0	0
37.980724	703	599.14152	2.068827	25	0	0	0	0
40.888883	704	599.680917	2.066966	27	0	0	0	0
36.230897	705	600.220313	2.065108	24	0	0	0	0
46.651324	706	600.759709	2.063254	31	0	0	0	0
37.504621	707	601.299106	2.061403	25	0	0	0	0
41.874855	708	601.838502	2.059556	28	0	0	0	0
43.236624	709	602.377899	2.057712	29	0	0	0	0
40.131372	710	602.917295	2.055871	27	0	0	0	0
38.527247	711	603.456692	2.054033	26	0	0	0	0
38.410528	712	603.996088	2.052199	26	0	0	0	0
36.821977	713	604.535485	2.050368	25	0	0	0	0
39.648693	714	605.074881	2.04854	27	0	0	0	0
38.066618	715	605.614277	2.046715	26	0	0	0	0
36.494261	716	606.153674	2.044894	25	0	0	0	0
37.842454	717	606.69307	2.043076	26	0	0	0	0
42.085555	718	607.232467	2.041261	29	0	0	0	0
34.728268	719	607.771863	2.039449	24	0	0	0	0
37.513685	720	608.31126	2.037641	26	0	0	0	0
34.528664	721	608.850656	2.035836	24	0	0	0	0
35.864792	722	609.390052	2.034034	25	0	0	0	0
32.902092	723	609.929449	2.032235	23	0	0	0	0
32.809412	724	610.468845	2.030439	23	0	0	0	0
38.407573	725	611.008242	2.028647	27	0	0	0	0
36.882169	726	611.547638	2.026858	26	0	0	0	0
43.853301	727	612.087035	2.025071	31	0	0	0	0
36.679119	728	612.626431	2.023288	26	0	0	0	0
40.799604	729	613.165828	2.021509	29	0	0	0	0
37.882752	730	613.705224	2.019732	27	0	0	0	0
41.978432	731	614.24462	2.017958	30	0	0	0	0
34.888278	732	614.784017	2.016188	25	0	0	0	0
40.362626	733	615.323413	2.01442	29	0	0	0	0
38.867684	734	615.86281	2.012656	28	0	0	0	0
38.765479	735	616.402206	2.010895	28	0	0	0	0
37.283326	736	616.941603	2.009137	27	0	0	0	0
38.563808	737	617.480999	2.007382	28	0	0	0	0
38.464326	738	618.020396	2.00563	28	0	0	0	0
41.106145	739	618.559792	2.003881	30	0	0	0	0
41.001459	740	619.099188	2.002135	30	0	0	0	0
39.534456	741	619.638585	2.000392	29	0	0	0	0
38.075237	742	620.177981	1.998652	28	0	0	0	0
36.623704	743	620.717378	1.996915	27	0	0	0	0
37.885892	744	621.256774	1.995181	28	0	0	0	0
37.792494	745	621.796171	1.993451	28	0	0	0	0
39.046361	746	622.335567	1.991723	29	0	0	0	0
37.608209	747	622.874964	1.989998	28	0	0	0	0
38.857213	748	623.41436	1.988276	29	0	0	0	0
38.763915	749	623.953756	1.986557	29	0	0	0	0
36.004461	750	624.493153	1.984842	27	0	0	0	0
41.240514	751	625.032549	1.983129	31	0	0	0	0
35.834624	752	625.571946	1.981419	27	0	0	0	0
37.07496	753	626.111342	1.979712	28	0	0	0	0
34.346811	754	626.650739	1.978008	26	0	0	0	0
35.585582	755	627.190135	1.976307	27	0	0	0	0
32.874136	756	627.729531	1.974608	25	0	0	0	0
30.175396	757	628.268928	1.972913	23	0	0	0	0
35.343249	758	628.808324	1.971221	27	0	0	0	0
32.651791	759	629.347721	1.969531	25	0	0	0	0
37.791663	760	629.887117	1.967845	29	0	0	0	0
32.506912	761	630.426514	1.966161	25	0	0	0	0
33.73288	762	630.96591	1.96448	26	0	0	0	0
33.65925	763	631.505307	1.962802	26	0	0	0	0
32.294513	764	632.044703	1.961127	25	0	0	0	0
32.225004	765	632.584099	1.959455	25	0	0	0	0
30.869888	766	633.123496	1.957786	24	0	0	0	0
34.654926	767	633.662892	1.956119	27	0	0	0	0
34.581905	768	634.202289	1.954455	27	0	0	0	0
29.39703	769	634.741685	1.952794	23	0	0	0	0
29.335969	770	635.281082	1.951136	23	0	0	0	0
28.002624	771	635.820478	1.949481	22	0	0	0	0
34.296495	772	636.359875	1.947829	27	0	0	0	0
29.156151	773	636.899271	1.946179	23	0	0	0	0
31.627521	774	637.438667	1.944532	25	0	0	0	0
32.826735	775	637.978064	1.942888	26	0	0	0	0
32.761463	776	638.51746	1.941247	26	0	0	0	0
28.924091	777	639.056857	1.939608	23	0	0	0	0
27.612319	778	639.596253	1.937973	22	0	0	0	0
31.316617	779	640.13565	1.93634	25	0	0	0	0
27.505431	780	640.675046	1.934709	22	0	0	0	0
29.948443	781	641.214442	1.933082	24	0	0	0	0
29.891503	782	641.753839	1.931457	24	0	0	0	0
28.591972	783	642.293235	1.929835	23	0	0	0	0
32.260837	784	642.832632	1.928216	26	0	0	0	0
32.200888	785	643.372028	1.926599	26	0	0	0	0
27.196661	786	643.911425	1.924985	22	0	0	0	0
32.082696	787	644.450821	1.923374	26	0	0	0	0
25.865898	788	644.990218	1.921766	21	0	0	0	0
28.278281	789	645.529614	1.92016	23	0	0	0	0
30.682321	790	646.06901	1.918557	25	0	0	0	0
29.402793	791	646.608407	1.916956	24	0	0	0	0
29.351062	792	647.147803	1.915358	24	0	0	0	0
31.741485	793	647.6872	1.913763	26	0	0	0	0
32.905237	794	648.226596	1.912171	27	0	0	0	0
30.41548	795	648.765993	1.910581	25	0	0	0	0
27.934566	796	649.305389	1.908994	23	0	0	0	0
30.312345	797	649.844786	1.907409	25	0	0	0	0
27.840613	798	650.384182	1.905827	23	0	0	0	0
31.419676	799	650.923578	1.904248	26	0	0	0	0
28.954959	800	651.462975	1.902671	24	0	0	0	0
24.089678	801	652.002371	1.901097	20	0	0	0	0
28.860739	802	652.541768	1.899526	24	0	0	0	0
28.814333	803	653.081164	1.897957	24	0	0	0	0
31.165757	804	653.620561	1.896391	26	0	0	0	0
27.526123	805	654.159957	1.894827	23	0	0	0	0
31.067714	806	654.699353	1.893266	26	0	0	0	0
26.247214	807	655.23875	1.891707	22	0	0	0	0
30.971645	808	655.778146	1.890151	26	0	0	0	0
27.35615	809	656.317543	1.888598	23	0	0	0	0
28.502331	810	656.856939	1.887047	24	0	0	0	0
29.645374	811	657.396336	1.885499	25	0	0	0	0
29.601279	812	657.935732	1.883953	25	0	0	0	0
29.557641	813	658.475129	1.88241	25	0	0	0	0
30.695035	814	659.014525	1.880869	26	0	0	0	0
28.292854	815	659.553921	1.879331	24	0	0	0	0
25.897905	816	660.093318	1.877795	22	0	0	0	0
27.03659	817	660.632714	1.876262	23	0	0	0	0
23.47696	818	661.172111	1.874731	20	0	0	0	0
26.960823	819	661.711507	1.873203	23	0	0	0	0
26.923545	820	662.250904	1.871677	23	0	0	0	0
23.37971	821	662.7903	1.870154	20	0	0	0	0
32.687181	822	663.329697	1.868633	28	0	0	0	0
27.979929	823	663.869093	1.867115	24	0	0	0	0
26.778405	824	664.408489	1.865599	23	0	0	0	0
26.743102	825	664.947886	1.864086	23	0	0	0	0
25.546961	826	665.487282	1.862575	22	0	0	0	0
25.513933	827	666.026679	1.861067	22	0	0	0	0
23.164792	828	666.566075	1.859561	20	0	0	0	0
25.448975	829	667.105472	1.858057	22	0	0	0	0
25.417041	830	667.644868	1.856556	22	0	0	0	0
21.923813	831	668.184264	1.855057	19	0	0	0	0
21.896855	832	668.723661	1.853561	19	0	0	0	0
25.323395	833	669.263057	1.852067	22	0	0	0	0
25.292891	834	669.802454	1.850575	22	0	0	0	0
25.26274	835	670.34185	1.849086	22	0	0	0	0
24.085988	836	670.881247	1.8476	21	0	0	0	0
27.494713	837	671.420643	1.846115	24	0	0	0	0
25.174382	838	671.96004	1.844634	22	0	0	0	0
26.288604	839	672.499436	1.843154	23	0	0	0	0
25.117204	840	673.038832	1.841677	22	0	0	0	0
23.948713	841	673.578229	1.840202	21	0	0	0	0
22.783082	842	674.117625	1.83873	20	0	0	0	0
22.758174	843	674.657022	1.837259	20	0	0	0	0
23.870249	844	675.196418	1.835792	21	0	0	0	0
21.573807	845	675.735815	1.834326	19	0	0	0	0
21.551009	846	676.275211	1.832863	19	0	0	0	0
20.395418	847	676.814608	1.831403	18	0	0	0	0
21.506268	848	677.354004	1.829944	19	0	0	0	0
23.74583	849	677.8934	1.828488	21	0	0	0	0
22.592271	850	678.432797	1.827034	20	0	0	0	0
22.56976	851	678.972193	1.825583	20	0	0	0	0
21.420165	852	679.51159	1.824134	19	0	0	0	0
19.146774	853	680.050986	1.822687	17	0	0	0	0
19.128383	854	680.590383	1.821242	17	0	0	0	0
22.482633	855	681.129779	1.8198	20	0	0	0	0
20.215416	856	681.669176	1.81836	18	0	0	0	0
19.074679	857	682.208572	1.816922	17	0	0	0	0
21.299294	858	682.747968	1.815487	19	0	0	0	0
21.280098	859	683.287365	1.814054	19	0	0	0	0
22.380179	860	683.826761	1.812623	20	0	0	0	0
21.242508	861	684.366158	1.811194	19	0	0	0	0
18.989994	862	684.905554	1.809768	17	0	0	0	0
18.973771	863	685.444951	1.808344	17	0	0	0	0
20.072946	864	685.984347	1.806922	18	0	0	0	0
17.827791	865	686.523743	1.805502	16	0	0	0	0
21.153155	866	687.06314	1.804085	19	0	0	0	0
21.136067	867	687.602536	1.802669	19	0	0	0	0
21.119238	868	688.141933	1.801256	19	0	0	0	0
19.991999	869	688.681329	1.799846	18	0	0	0	0
21.086349	870	689.220726	1.798437	19	0	0	0	0
21.070288	871	689.760122	1.797031	19	0	0	0	0
18.838219	872	690.299519	1.795626	17	0	0	0	0
17.71699	873	690.838915	1.794224	16	0	0	0	0
16.597596	874	691.378311	1.792825	15	0	0	0	0
15.479999	875	691.917708	1.791427	14	0	0	0	0
17.678962	876	692.457104	1.790031	16	0	0	0	0
18.770875	877	692.996501	1.788638	17	0	0	0	0
18.758074	878	693.535897	1.787247	17	0	0	0	0
14.33479	879	694.075294	1.785858	13	0	0	0	0
17.631186	880	694.61469	1.784471	16	0	0	0	0
16.518524	881	695.154087	1.783087	15	0	0	0	0
19.809605	882	695.693483	1.781704	18	0	0	0	0
15.397831	883	696.232879	1.780324	14	0	0	0	0
17.586708	884	696.772276	1.778946	16	0	0	0	0
16.477591	885	697.311672	1.77757	15	0	0	0	0
17.56569	886	697.851069	1.776196	16	0	0	0	0
17.555483	887	698.390465	1.774824	16	0	0	0	0
16.448885	888	698.929862	1.773454	15	0	0	0	0
18.631651	889	699.469258	1.772086	17	0	0	0	0
16.430687	890	700.008654	1.770721	15	0	0	0	0
17.516658	891	700.548051	1.769358	16	0	0	0	0
14.224802	892	701.087447	1.767996	13	0	0	0	0
16.404784	893	701.626844	1.766637	15	0	0	0	0
14.210316	894	702.16624	1.76528	13	0	0	0	0
17.481	895	702.705637	1.763925	16	0	0	0	0
17.472576	896	703.245033	1.762572	16	0	0	0	0
17.464346	897	703.78443	1.761221	16	0	0	0	0
14.183252	898	704.323826	1.759872	13	0	0	0	0
18.538997	899	704.863222	1.758526	17	0	0	0	0
18.530869	900	705.402619	1.757181	17	0	0	0	0
17.433361	901	705.942015	1.755838	16	0	0	0	0
16.336964	902	706.481412	1.754498	15	0	0	0	0
17.41902	903	707.020808	1.753159	16	0	0	0	0
14.14736	904	707.560205	1.751823	13	0	0	0	0
15.229761	905	708.099601	1.750488	14	0	0	0	0
14.136636	906	708.638998	1.749156	13	0	0	0	0
16.305581	907	709.178394	1.747825	15	0	0	0	0
14.126525	908	709.71779	1.746497	13	0	0	0	0
15.207983	909	710.257187	1.745171	14	0	0	0	0
15.202949	910	710.796583	1.743846	14	0	0	0	0
16.283656	911	711.33598	1.742524	15	0	0	0	0
14.10813	912	711.875376	1.741204	13	0	0	0	0
14.10391	913	712.414773	1.739885	13	0	0	0	0
13.015237	914	712.954169	1.738569	12	0	0	0	0
9.758714	915	713.493565	1.737255	9	0	0	0	0
14.09215	916	714.032962	1.735942	13	0	0	0	0
14.08853	917	714.572358	1.734632	13	0	0	0	0
15.168524	918	715.111755	1.733323	14	0	0	0	0
12.998525	919	715.651151	1.732017	12	0	0	0	0
12.995594	920	716.190548	1.730713	12	0	0	0	0
14.075534	921	716.729944	1.72941	13	0	0	0	0
12.990143	922	717.269341	1.72811	12	0	0	0	0
11.90532	923	717.808737	1.726811	11	0	0	0	0
12.985236	924	718.348133	1.725514	12	0	0	0	0
10.819155	925	718.88753	1.72422	10	0	0	0	0
14.062609	926	719.426926	1.722927	13	0	0	0	0
14.060464	927	719.966323	1.721636	13	0	0	0	0
12.977044	928	720.505719	1.720347	12	0	0	0	0
12.975332	929	721.045116	1.71906	12	0	0	0	0
9.730316	930	721.584512	1.717775	9	0	0	0	0
15.134363	931	722.123909	1.716492	14	0	0	0	0
14.051917	932	722.663305	1.715211	13	0	0	0	0
14.050642	933	723.202701	1.713932	13	0	0	0	0
14.049512	934	723.742098	1.712654	13	0	0	0	0
11.887213	935	724.281494	1.711379	11	0	0	0	0
12.96709	936	724.820891	1.710105	12	0	0	0	0
12.966444	937	725.360287	1.708834	12	0	0	0	0
15.126919	938	725.899684	1.707564	14	0	0	0	0
11.885086	939	726.43908	1.706296	11	0	0	0	0
10.804415	940	726.978477	1.70503	10	0	0	0	0
12.96518	941	727.517873	1.703766	12	0	0	0	0
12.965193	942	728.057269	1.702503	12	0	0	0	0
15.126226	943	728.596666	1.701243	14	0	0	0	0
12.965612	944	729.136062	1.699984	12	0	0	0	0
12.966018	945	729.675459	1.698728	12	0	0	0	0
12.966555	946	730.214855	1.697473	12	0	0	0	0
14.047823	947	730.754252	1.69622	13	0	0	0	0
10.806683	948	731.293648	1.694969	10	0	0	0	0
9.72671	949	731.833044	1.69372	9	0	0	0	0
10.808337	950	732.372441	1.692472	10	0	0	0	0
12.971192	951	732.911837	1.691227	12	0	0	0	0
10.810425	952	733.451234	1.689983	10	0	0	0	0
10.811631	953	733.99063	1.688741	10	0	0	0	0
15.138123	954	734.530027	1.687501	14	0	0	0	0
10.814367	955	735.069423	1.686262	10	0	0	0	0
12.979075	956	735.60882	1.685026	12	0	0	0	0
16.2263	957	736.148216	1.683791	15	0	0	0	0
14.065062	958	736.687612	1.682558	13	0	0	0	0
16.231696	959	737.227009	1.681327	15	0	0	0	0
16.234636	960	737.766405	1.680098	15	0	0	0	0
18.402768	961	738.305802	1.678871	17	0	0	0	0
15.158265	962	738.845198	1.677645	14	0	0	0	0
15.161459	963	739.384595	1.676421	14	0	0	0	0
16.248004	964	739.923991	1.675199	15	0	0	0	0
20.585548	965	740.463388	1.673979	19	0	0	0	0
20.590494	966	741.002784	1.67276	19	0	0	0	0
20.595643	967	741.54218	1.671543	19	0	0	0	0
26.02231	968	742.081577	1.670328	24	0	0	0	0
28.198439	969	742.620973	1.669115	26	0	0	0	0
31.460895	970	743.16037	1.667904	29	0	0	0	0
32.555167	971	743.699766	1.666694	30	0	0	0	0
37.992385	972	744.239163	1.665486	35	0	0	0	0
49.948267	973	744.778559	1.66428	46	0	0	0	0
58.653598	974	745.317955	1.663075	54	0	0	0	0
77.143934	975	745.857352	1.661873	71	0	0	0	0
113.037756	976	746.396748	1.660672	104	0	0	0	0
190.273896	977	746.936145	1.659473	175	0	0	0	0
402.437158	978	747.475541	1.658275	370	0	0	0	0
965.115667	979	748.014938	1.657079	887	0	0	0	0
2229.201364	980	748.554334	1.655885	2048	0	0	0	0
4027.833241	981	749.093731	1.654693	3699	0	0	0	0
5018.53968	982	749.633127	1.653502	4607	0	0	0	0
4762.300323	983	750.172523	1.652313	4370	0	0	0	0
4283.489956	984	750.71192	1.651126	3929	0	0	0	0
3936.290777	985	751.251316	1.649941	3609	0	0	0	0
3494.990317	986	751.790713	1.648757	3203	0	0	0	0
3012.943899	987	752.330109	1.647575	2760	0	0	0	0
2612.40338	988	752.869506	1.646394	2392	0	0	0	0
2199.500702	989	753.408902	1.645215	2013	0	0	0	0
1794.977121	990	753.948299	1.644038	1642	0	0	0	0
1474.297923	991	754.487695	1.642863	1348	0	0	0	0
1210.219774	992	755.027091	1.641689	1106	0	0	0	0
1005.008444	993	755.566488	1.640517	918	0	0	0	0
846.698103	994	756.105884	1.639347	773	0	0	0	0
706.862626	995	756.645281	1.638178	645	0	0	0	0
607.456841	996	757.184677	1.637011	554	0	0	0	0
521.115237	997	757.724074	1.635846	475	0	0	0	0
440.17277	998	758.26347	1.634682	401	0	0	0	0
374.520809	999	758.802866	1.63352	341	0	0	0	0
320.886415	1000	759.342263	1.63236	292	0	0	0	0
280.388176	1001	759.881659	1.631201	255	0	0	0	0
246.446522	1002	760.421056	1.630044	224	0	0	0	0
215.769488	1003	760.960452	1.628889	196	0	0	0	0
194.971274	1004	761.499849	1.627735	177	0	0	0	0
174.149396	1005	762.039245	1.626583	158	0	0	0	0
157.714839	1006	762.578642	1.625432	143	0	0	0	0
144.571792	1007	763.118038	1.624283	131	0	0	0	0
129.204603	1008	763.657434	1.623136	117	0	0	0	0
116.028689	1009	764.196831	1.621991	105	0	0	0	0
106.15376	1010	764.736227	1.620846	96	0	0	0	0
97.373098	1011	765.275624	1.619704	88	0	0	0	0
80.830533	1012	765.81502	1.618563	73	0	0	0	0
57.617748	1013	766.354417	1.617424	52	0	0	0	0
43.243616	1014	766.893813	1.616286	39	0	0	0	0
31.068763	1015	767.43321	1.61515	28	0	0	0	0
23.318352	1016	767.972606	1.614016	21	0	0	0	0
17.779325	1017	768.512002	1.612883	16	0	0	0	0
14.456376	1018	769.051399	1.611752	13	0	0	0	0
13.354333	1019	769.590795	1.610622	12	0	0	0	0
10.023339	1020	770.130192	1.609494	9	0	0	0	0
11.145587	1021	770.669588	1.608368	10	0	0	0	0
11.154242	1022	771.208985	1.607243	10	0	0	0	0
11.163009	1023	771.748381	1.606119	10	0	0	0	0
10.054698	1024	772.287778	1.604998	9	0	0	0	0
