190.612526	4	372.783163	3.325043	68	0	292.04	0	5.01
221.285476	5	372.844946	3.324492	79	0	0	0	0
277.105074	6	372.906729	3.323941	99	0	0	0	0
374.79839	7	372.968512	3.32339	134	0	0	0	0
536.633712	8	373.030295	3.32284	192	0	0	0	0
723.369946	9	373.092079	3.32229	259	0	0	0	0
946.116331	10	373.153862	3.32174	339	0	0	0	0
1196.427663	11	373.215645	3.32119	429	0	0	0	0
1451.94899	12	373.277428	3.32064	521	0	0	0	0
1754.441275	13	373.339211	3.320091	630	0	0	0	0
2087.105343	14	373.400994	3.319541	750	0	0	0	0
2377.574914	15	373.462777	3.318992	855	0	0	0	0
2595.375069	16	373.524561	3.318443	934	0	0	0	0
2860.064338	17	373.586344	3.317894	1030	0	0	0	0
3232.585329	18	373.648127	3.317346	1165	0	0	0	0
3657.249003	19	373.70991	3.316797	1319	0	0	0	0
4169.961691	20	373.771693	3.316249	1505	0	0	0	0
4812.063347	21	373.833476	3.315701	1738	0	0	0	0
5541.772324	22	373.895259	3.315153	2003	0	0	0	0
6347.839655	23	373.957043	3.314605	2296	0	0	0	0
7263.252666	24	374.018826	3.314058	2629	0	0	0	0
8425.811998	25	374.080609	3.31351	3052	0	0	0	0
9926.021946	26	374.142392	3.312963	3598	0	0	0	0
11658.39488	27	374.204175	3.312416	4229	0	0	0	0
13666.5053	28	374.265958	3.311869	4961	0	0	0	0
15856.16179	29	374.327741	3.311323	5760	0	0	0	0
18551.56924	30	374.389525	3.310776	6744	0	0	0	0
21564.71434	31	374.451308	3.31023	7845	0	0	0	0
25048.736	32	374.513091	3.309684	9119	0	0	0	0
28920.27156	33	374.574874	3.309138	10536	0	0	0	0
33452.77824	34	374.636657	3.308592	12196	0	0	0	0
38107.60335	35	374.69844	3.308047	13903	0	0	0	0
43032.38786	36	374.760223	3.307501	15711	0	0	0	0
47408.17621	37	374.822007	3.306956	17321	0	0	0	0
51266.23191	38	374.88379	3.306411	18744	0	0	0	0
53954.45028	39	374.945573	3.305866	19741	0	0	0	0
55289.62179	40	375.007356	3.305322	20244	0	0	0	0
55438.40049	41	375.069139	3.304777	20313	0	0	0	0
53726.96981	42	375.130922	3.304233	19700	0	0	0	0
51919.8658	43	375.192705	3.303689	19051	0	0	0	0
48971.52247	44	375.254489	3.303145	17982	0	0	0	0
44386.36367	45	375.316272	3.302601	16310	0	0	0	0
39456.92581	46	375.378055	3.302058	14509	0	0	0	0
35439.45077	47	375.439838	3.301514	13041	0	0	0	0
31205.01533	48	375.501621	3.300971	11491	0	0	0	0
26887.05441	49	375.563404	3.300428	9908	0	0	0	0
22778.61589	50	375.625187	3.299885	8400	0	0	0	0
18640.79095	51	375.686971	3.299343	6879	0	0	0	0
15088.33368	52	375.748754	3.2988	5572	0	0	0	0
11971.17005	53	375.810537	3.298258	4424	0	0	0	0
9561.482001	54	375.87232	3.297716	3536	0	0	0	0
7625.381957	55	375.934103	3.297174	2822	0	0	0	0
6180.764368	56	375.995886	3.296632	2289	0	0	0	0
4997.230037	57	376.057669	3.29609	1852	0	0	0	0
3998.72593	58	376.119453	3.295549	1483	0	0	0	0
3095.941947	59	376.181236	3.295008	1149	0	0	0	0
2323.678453	60	376.243019	3.294466	863	0	0	0	0
1765.069022	61	376.304802	3.293926	656	0	0	0	0
1242.203105	62	376.366585	3.293385	462	0	0	0	0
827.550101	63	376.428368	3.292844	308	0	0	0	0
536.990599	64	376.490151	3.292304	200	0	0	0	0
386.360259	65	376.551935	3.291764	144	0	0	0	0
302.971539	66	376.613718	3.291224	113	0	0	0	0
265.248037	67	376.675501	3.290684	99	0	0	0	0
246.319372	68	376.737284	3.290144	92	0	0	0	0
227.417346	69	376.799067	3.289605	85	0	0	0	0
213.889138	70	376.86085	3.289065	80	0	0	0	0
203.051677	71	376.922633	3.288526	76	0	0	0	0
189.559582	72	376.984417	3.287987	71	0	0	0	0
178.75441	73	377.0462	3.287449	67	0	0	0	0
173.296602	74	377.107983	3.28691	65	0	0	0	0
165.18221	75	377.169766	3.286372	62	0	0	0	0
159.741547	76	377.231549	3.285833	60	0	0	0	0
148.987515	77	377.293332	3.285295	56	0	0	0	0
146.224422	78	377.355115	3.284757	55	0	0	0	0
151.435472	79	377.416899	3.28422	57	0	0	0	0
138.054892	80	377.478682	3.283682	52	0	0	0	0
132.652158	81	377.540465	3.283145	50	0	0	0	0
129.908155	82	377.602248	3.282608	49	0	0	0	0
124.518641	83	377.664031	3.282071	47	0	0	0	0
127.079089	84	377.725814	3.281534	48	0	0	0	0
119.053419	85	377.787597	3.280997	45	0	0	0	0
116.326509	86	377.849381	3.280461	44	0	0	0	0
113.603391	87	377.911164	3.279924	43	0	0	0	0
113.524155	88	377.972947	3.279388	43	0	0	0	0
113.445016	89	378.03473	3.278852	43	0	0	0	0
100.183883	90	378.096513	3.278316	38	0	0	0	0
100.114118	91	378.158296	3.277781	38	0	0	0	0
102.677186	92	378.220079	3.277245	39	0	0	0	0
102.605759	93	378.281863	3.27671	39	0	0	0	0
97.276244	94	378.343646	3.276175	37	0	0	0	0
97.208646	95	378.405429	3.27564	37	0	0	0	0
91.890259	96	378.467212	3.275105	35	0	0	0	0
83.95563	97	378.528995	3.274571	32	0	0	0	0
89.140967	98	378.590778	3.274036	34	0	0	0	0
81.219228	99	378.652561	3.273502	31	0	0	0	0
89.017414	100	378.714345	3.272968	34	0	0	0	0
78.490368	101	378.776128	3.272434	30	0	0	0	0
73.206957	102	378.837911	3.271901	28	0	0	0	0
80.994474	103	378.899694	3.271367	31	0	0	0	0
75.716621	104	378.961477	3.270834	29	0	0	0	0
70.446055	105	379.02326	3.270301	27	0	0	0	0
73.004695	106	379.085043	3.269768	28	0	0	0	0
72.954284	107	379.146827	3.269235	28	0	0	0	0
78.111357	108	379.20861	3.268702	30	0	0	0	0
70.251729	109	379.270393	3.26817	27	0	0	0	0
70.203295	110	379.332176	3.267637	27	0	0	0	0
75.35158	111	379.393959	3.267105	29	0	0	0	0
67.510062	112	379.455742	3.266573	26	0	0	0	0
64.868838	113	379.517526	3.266042	25	0	0	0	0
67.417178	114	379.579309	3.26551	26	0	0	0	0
57.006079	115	379.641092	3.264978	22	0	0	0	0
64.735114	116	379.702875	3.264447	25	0	0	0	0
64.690648	117	379.764658	3.263916	25	0	0	0	0
59.474536	118	379.826441	3.263385	23	0	0	0	0
62.017801	119	379.888224	3.262854	24	0	0	0	0
59.392966	120	379.950008	3.262324	23	0	0	0	0
59.352254	121	380.011791	3.261794	23	0	0	0	0
56.732828	122	380.073574	3.261263	22	0	0	0	0
59.27098	123	380.135357	3.260733	23	0	0	0	0
59.230416	124	380.19714	3.260203	23	0	0	0	0
61.763376	125	380.258923	3.259674	24	0	0	0	0
56.577721	126	380.320706	3.259144	22	0	0	0	0
56.539062	127	380.38249	3.258615	22	0	0	0	0
48.795843	128	380.444273	3.258086	19	0	0	0	0
59.028333	129	380.506056	3.257557	23	0	0	0	0
53.858665	130	380.567839	3.257028	21	0	0	0	0
46.133093	131	380.629622	3.256499	18	0	0	0	0
51.224058	132	380.691405	3.255971	20	0	0	0	0
48.629709	133	380.753188	3.255442	19	0	0	0	0
51.154318	134	380.814972	3.254914	20	0	0	0	0
46.00756	135	380.876755	3.254386	18	0	0	0	0
53.638984	136	380.938538	3.253858	21	0	0	0	0
51.050023	137	381.000321	3.253331	20	0	0	0	0
51.015342	138	381.062104	3.252803	20	0	0	0	0
48.431667	139	381.123887	3.252276	19	0	0	0	0
48.398799	140	381.18567	3.251749	19	0	0	0	0
50.911548	141	381.247454	3.251222	20	0	0	0	0
50.877033	142	381.309237	3.250695	20	0	0	0	0
48.300432	143	381.37102	3.250168	19	0	0	0	0
43.186909	144	381.432803	3.249642	17	0	0	0	0
55.851111	145	381.494586	3.249116	22	0	0	0	0
50.739388	146	381.556369	3.248589	20	0	0	0	0
50.70508	147	381.618152	3.248064	20	0	0	0	0
50.670814	148	381.679936	3.247538	20	0	0	0	0
48.104759	149	381.741719	3.247012	19	0	0	0	0
40.481923	150	381.803502	3.246487	16	0	0	0	0
45.511434	151	381.865285	3.245961	18	0	0	0	0
42.954034	152	381.927068	3.245436	17	0	0	0	0
40.400076	153	381.988851	3.244911	16	0	0	0	0
40.372859	154	382.050634	3.244387	16	0	0	0	0
45.388885	155	382.112418	3.243862	18	0	0	0	0
47.878247	156	382.174201	3.243338	19	0	0	0	0
42.809617	157	382.235984	3.242813	17	0	0	0	0
45.297357	158	382.297767	3.242289	18	0	0	0	0
40.237263	159	382.35955	3.241766	16	0	0	0	0
37.697101	160	382.421333	3.241242	15	0	0	0	0
45.206158	161	382.483116	3.240718	18	0	0	0	0
50.195367	162	382.5449	3.240195	20	0	0	0	0
45.145539	163	382.606683	3.239672	18	0	0	0	0
45.115285	164	382.668466	3.239149	18	0	0	0	0
45.085066	165	382.730249	3.238626	18	0	0	0	0
40.048785	166	382.792032	3.238103	16	0	0	0	0
45.024737	167	382.853815	3.23758	18	0	0	0	0
49.994029	168	382.915598	3.237058	20	0	0	0	0
39.96849	169	382.977382	3.236536	16	0	0	0	0
42.43815	170	383.039165	3.236014	17	0	0	0	0
42.409814	171	383.100948	3.235492	17	0	0	0	0
42.381511	172	383.162731	3.23497	17	0	0	0	0
39.861875	173	383.224514	3.234449	16	0	0	0	0
44.814713	174	383.286297	3.233927	18	0	0	0	0
42.296805	175	383.34808	3.233406	17	0	0	0	0
47.241418	176	383.409864	3.232885	19	0	0	0	0
39.755767	177	383.471647	3.232364	16	0	0	0	0
34.763154	178	383.53343	3.231843	14	0	0	0	0
47.147195	179	383.595213	3.231323	19	0	0	0	0
34.716951	180	383.656996	3.230803	14	0	0	0	0
39.650162	181	383.718779	3.230282	16	0	0	0	0
44.576819	182	383.780562	3.229762	18	0	0	0	0
42.072394	183	383.842346	3.229242	17	0	0	0	0
42.044492	184	383.904129	3.228723	17	0	0	0	0
39.545057	185	383.965912	3.228203	16	0	0	0	0
39.518859	186	384.027695	3.227684	16	0	0	0	0
37.024399	187	384.089478	3.227165	15	0	0	0	0
34.533236	188	384.151261	3.226646	14	0	0	0	0
36.975422	189	384.213044	3.226127	15	0	0	0	0
36.950978	190	384.274828	3.225608	15	0	0	0	0
41.850103	191	384.336611	3.22509	17	0	0	0	0
36.902175	192	384.398394	3.224571	15	0	0	0	0
36.877817	193	384.460177	3.224053	15	0	0	0	0
44.224185	194	384.52196	3.223535	18	0	0	0	0
44.195024	195	384.583743	3.223017	18	0	0	0	0
36.804915	196	384.645526	3.222499	15	0	0	0	0
41.684762	197	384.70731	3.221982	17	0	0	0	0
41.657318	198	384.769093	3.221465	17	0	0	0	0
44.078726	199	384.830876	3.220947	18	0	0	0	0
34.260907	200	384.892659	3.22043	14	0	0	0	0
36.683985	201	384.954442	3.219913	15	0	0	0	0
36.659885	202	385.016225	3.219397	15	0	0	0	0
39.0782	203	385.078008	3.21888	16	0	0	0	0
36.611769	204	385.139792	3.218364	15	0	0	0	0
36.587754	205	385.201575	3.217848	15	0	0	0	0
43.87652	206	385.263358	3.217332	18	0	0	0	0
36.539808	207	385.325141	3.216816	15	0	0	0	0
36.515877	208	385.386924	3.2163	15	0	0	0	0
38.924773	209	385.448707	3.215785	16	0	0	0	0
34.036894	210	385.51049	3.215269	14	0	0	0	0
34.014637	211	385.572274	3.214754	14	0	0	0	0
29.136349	212	385.634057	3.214239	12	0	0	0	0
36.396646	213	385.69584	3.213724	15	0	0	0	0
38.797743	214	385.757623	3.213209	16	0	0	0	0
36.349149	215	385.819406	3.212695	15	0	0	0	0
38.747139	216	385.881189	3.21218	16	0	0	0	0
31.461529	217	385.942972	3.211666	13	0	0	0	0
36.278113	218	386.004756	3.211152	15	0	0	0	0
36.25449	219	386.066539	3.210638	15	0	0	0	0
38.646288	220	386.128322	3.210125	16	0	0	0	0
36.207327	221	386.190105	3.209611	15	0	0	0	0
36.183787	222	386.251888	3.209098	15	0	0	0	0
28.928219	223	386.313671	3.208584	12	0	0	0	0
38.545909	224	386.375454	3.208071	16	0	0	0	0
36.113332	225	386.437238	3.207558	15	0	0	0	0
33.683908	226	386.499021	3.207046	14	0	0	0	0
33.662066	227	386.560804	3.206533	14	0	0	0	0
38.445999	228	386.622587	3.206021	16	0	0	0	0
28.815821	229	386.68437	3.205508	12	0	0	0	0
33.596692	230	386.746153	3.204996	14	0	0	0	0
31.17674	231	386.807937	3.204484	13	0	0	0	0
35.949896	232	386.86972	3.203973	15	0	0	0	0
35.926657	233	386.931503	3.203461	15	0	0	0	0
28.722756	234	386.993286	3.20295	12	0	0	0	0
33.488243	235	387.055069	3.202438	14	0	0	0	0
31.076156	236	387.116852	3.201927	13	0	0	0	0
26.278246	237	387.178635	3.201416	11	0	0	0	0
33.423477	238	387.240419	3.200906	14	0	0	0	0
28.630233	239	387.302202	3.200395	12	0	0	0	0
33.380425	240	387.363985	3.199884	14	0	0	0	0
35.741719	241	387.425768	3.199374	15	0	0	0	0
26.19373	242	387.487551	3.198864	11	0	0	0	0
28.556602	243	387.549334	3.198354	12	0	0	0	0
28.538248	244	387.611117	3.197844	12	0	0	0	0
30.896575	245	387.672901	3.197335	13	0	0	0	0
33.251872	246	387.734684	3.196825	14	0	0	0	0
28.483314	247	387.796467	3.196316	12	0	0	0	0
28.465045	248	387.85825	3.195807	12	0	0	0	0
30.817364	249	387.920033	3.195298	13	0	0	0	0
30.797619	250	387.981816	3.194789	13	0	0	0	0
28.410366	251	388.043599	3.19428	12	0	0	0	0
26.026167	252	388.105383	3.193772	11	0	0	0	0
26.009518	253	388.167166	3.193263	11	0	0	0	0
33.081857	254	388.228949	3.192755	14	0	0	0	0
21.253317	255	388.290732	3.192247	9	0	0	0	0
25.959685	256	388.352515	3.191739	11	0	0	0	0
28.301578	257	388.414298	3.191232	12	0	0	0	0
32.99744	258	388.476081	3.190724	14	0	0	0	0
30.62094	259	388.537865	3.190217	13	0	0	0	0
25.893512	260	388.599648	3.18971	11	0	0	0	0
25.877016	261	388.661431	3.189202	11	0	0	0	0
32.913414	262	388.723214	3.188696	14	0	0	0	0
30.543006	263	388.784997	3.188189	13	0	0	0	0
25.827644	264	388.84678	3.187682	11	0	0	0	0
21.118275	265	388.908563	3.187176	9	0	0	0	0
32.829777	266	388.970347	3.18667	14	0	0	0	0
30.465433	267	389.03213	3.186164	13	0	0	0	0
25.762081	268	389.093913	3.185658	11	0	0	0	0
23.405216	269	389.155696	3.185152	10	0	0	0	0
25.729413	270	389.217479	3.184646	11	0	0	0	0
21.037997	271	389.279262	3.184141	9	0	0	0	0
25.69682	272	389.341045	3.183636	11	0	0	0	0
25.680552	273	389.402829	3.18313	11	0	0	0	0
25.664303	274	389.464612	3.182625	11	0	0	0	0
25.648072	275	389.526395	3.182121	11	0	0	0	0
30.292199	276	389.588178	3.181616	13	0	0	0	0
25.615667	277	389.649961	3.181112	11	0	0	0	0
18.617813	278	389.711744	3.180607	8	0	0	0	0
18.606063	279	389.773527	3.180103	8	0	0	0	0
20.918618	280	389.835311	3.179599	9	0	0	0	0
32.519558	281	389.897094	3.179095	14	0	0	0	0
30.177705	282	389.958877	3.178592	13	0	0	0	0
16.2393	283	390.02066	3.178088	7	0	0	0	0
25.502837	284	390.082443	3.177585	11	0	0	0	0
23.169811	285	390.144226	3.177081	10	0	0	0	0
23.155242	286	390.206009	3.176578	10	0	0	0	0
18.512552	287	390.267793	3.176076	8	0	0	0	0
23.126154	288	390.329576	3.175573	10	0	0	0	0
27.733962	289	390.391359	3.17507	12	0	0	0	0
27.716559	290	390.453142	3.174568	12	0	0	0	0
25.390912	291	390.514925	3.174066	11	0	0	0	0
23.068178	292	390.576708	3.173564	10	0	0	0	0
23.053726	293	390.638491	3.173062	10	0	0	0	0
23.03929	294	390.700275	3.17256	10	0	0	0	0
20.722384	295	390.762058	3.172058	9	0	0	0	0
20.709421	296	390.823841	3.171557	9	0	0	0	0
22.996082	297	390.885624	3.171055	10	0	0	0	0
25.279884	298	390.947407	3.170554	11	0	0	0	0
20.670623	299	391.00919	3.170053	9	0	0	0	0
25.248325	300	391.070973	3.169553	11	0	0	0	0
20.644832	301	391.132757	3.169052	9	0	0	0	0
22.924398	302	391.19454	3.168551	10	0	0	0	0
32.074155	303	391.256323	3.168051	14	0	0	0	0
20.606256	304	391.318106	3.167551	9	0	0	0	0
27.457902	305	391.379889	3.167051	12	0	0	0	0
25.154081	306	391.441672	3.166551	11	0	0	0	0
29.709061	307	391.503455	3.166051	13	0	0	0	0
20.555026	308	391.565239	3.165552	9	0	0	0	0
25.107201	309	391.627022	3.165052	11	0	0	0	0
22.810555	310	391.688805	3.164553	10	0	0	0	0
22.796397	311	391.750588	3.164054	10	0	0	0	0
22.782256	312	391.812371	3.163555	10	0	0	0	0
25.044944	313	391.874154	3.163056	11	0	0	0	0
18.203218	314	391.935937	3.162558	8	0	0	0	0
34.109894	315	391.997721	3.162059	15	0	0	0	0
20.453267	316	392.059504	3.161561	9	0	0	0	0
20.440613	317	392.121287	3.161063	9	0	0	0	0
24.967522	318	392.18307	3.160565	11	0	0	0	0
27.220462	319	392.244853	3.160067	12	0	0	0	0
20.402735	320	392.306636	3.159569	9	0	0	0	0
20.390138	321	392.368419	3.159072	9	0	0	0	0
20.377556	322	392.430203	3.158574	9	0	0	0	0
22.627764	323	392.491986	3.158077	10	0	0	0	0
24.875196	324	392.553769	3.15758	11	0	0	0	0
22.599882	325	392.615552	3.157083	10	0	0	0	0
18.068772	326	392.677335	3.156587	8	0	0	0	0
22.572063	327	392.739118	3.15609	10	0	0	0	0
24.813996	328	392.800901	3.155594	11	0	0	0	0
27.05317	329	392.862685	3.155097	12	0	0	0	0
24.7835	330	392.924468	3.154601	11	0	0	0	0
27.019939	331	392.986251	3.154105	12	0	0	0	0
18.002235	332	393.048034	3.153609	8	0	0	0	0
20.240088	333	393.109817	3.153114	9	0	0	0	0
20.227676	334	393.1716	3.152618	9	0	0	0	0
13.476852	335	393.233383	3.152123	6	0	0	0	0
20.202894	336	393.295167	3.151628	9	0	0	0	0
20.190524	337	393.35695	3.151133	9	0	0	0	0
17.93615	338	393.418733	3.150638	8	0	0	0	0
20.165827	339	393.480516	3.150143	9	0	0	0	0
17.914221	340	393.542299	3.149649	8	0	0	0	0
22.379095	341	393.604082	3.149154	10	0	0	0	0
22.365428	342	393.665866	3.14866	10	0	0	0	0
17.881422	343	393.727649	3.148166	8	0	0	0	0
22.338142	344	393.789432	3.147672	10	0	0	0	0
22.324522	345	393.851215	3.147178	10	0	0	0	0
24.542009	346	393.912998	3.146685	11	0	0	0	0
24.52706	347	393.974781	3.146191	11	0	0	0	0
24.512129	348	394.036564	3.145698	11	0	0	0	0
17.816156	349	394.098348	3.145205	8	0	0	0	0
17.805321	350	394.160131	3.144712	8	0	0	0	0
17.794499	351	394.221914	3.144219	8	0	0	0	0
22.229611	352	394.283697	3.143726	10	0	0	0	0
24.437725	353	394.34548	3.143234	11	0	0	0	0
19.982369	354	394.407263	3.142741	9	0	0	0	0
26.626998	355	394.469046	3.142249	12	0	0	0	0
24.393285	356	394.53083	3.141757	11	0	0	0	0
28.81096	357	394.592613	3.141265	13	0	0	0	0
28.793512	358	394.654396	3.140773	13	0	0	0	0
33.203174	359	394.716179	3.140282	15	0	0	0	0
35.395293	360	394.777962	3.13979	16	0	0	0	0
30.952155	361	394.839745	3.139299	14	0	0	0	0
39.771578	362	394.901528	3.138808	18	0	0	0	0
39.747556	363	394.963312	3.138317	18	0	0	0	0
52.964747	364	395.025095	3.137826	24	0	0	0	0
55.138322	365	395.086878	3.137335	25	0	0	0	0
57.309273	366	395.148661	3.136845	26	0	0	0	0
70.491975	367	395.210444	3.136354	32	0	0	0	0
72.651056	368	395.272227	3.135864	33	0	0	0	0
83.608419	369	395.33401	3.135374	38	0	0	0	0
87.955898	370	395.395794	3.134884	40	0	0	0	0
98.890868	371	395.457577	3.134394	45	0	0	0	0
103.223925	372	395.51936	3.133905	47	0	0	0	0
118.526441	373	395.581143	3.133415	54	0	0	0	0
114.068029	374	395.642926	3.132926	52	0	0	0	0
122.768759	375	395.704709	3.132437	56	0	0	0	0
127.077076	376	395.766492	3.131948	58	0	0	0	0
124.81121	377	395.828276	3.131459	57	0	0	0	0
131.301487	378	395.890059	3.13097	60	0	0	0	0
142.158077	379	395.951842	3.130482	65	0	0	0	0
137.701497	380	396.013625	3.129993	63	0	0	0	0
139.803534	381	396.075408	3.129505	64	0	0	0	0
141.903051	382	396.137191	3.129017	65	0	0	0	0
146.18187	383	396.198974	3.128529	67	0	0	0	0
148.275056	384	396.260758	3.128041	68	0	0	0	0
156.903376	385	396.322541	3.127554	72	0	0	0	0
158.987652	386	396.384324	3.127066	73	0	0	0	0
161.069435	387	396.446107	3.126579	74	0	0	0	0
169.674679	388	396.50789	3.126092	78	0	0	0	0
167.399559	389	396.569673	3.125605	77	0	0	0	0
173.818044	390	396.631456	3.125118	80	0	0	0	0
178.057449	391	396.69324	3.124631	82	0	0	0	0
177.951522	392	396.755023	3.124144	82	0	0	0	0
195.196514	393	396.816806	3.123658	90	0	0	0	0
199.415635	394	396.878589	3.123172	92	0	0	0	0
197.130914	395	396.940372	3.122686	91	0	0	0	0
207.838824	396	397.002155	3.1222	96	0	0	0	0
216.370316	397	397.063938	3.121714	100	0	0	0	0
216.242	398	397.125722	3.121228	100	0	0	0	0
226.919519	399	397.187505	3.120743	105	0	0	0	0
239.744237	400	397.249288	3.120257	111	0	0	0	0
248.2366	401	397.311071	3.119772	115	0	0	0	0
252.404298	402	397.372854	3.119287	117	0	0	0	0
265.191159	403	397.434637	3.118802	123	0	0	0	0
271.498639	404	397.49642	3.118317	126	0	0	0	0
284.259088	405	397.558204	3.117833	132	0	0	0	0
299.156662	406	397.619987	3.117348	139	0	0	0	0
307.58383	407	397.68177	3.116864	143	0	0	0	0
318.150711	408	397.743553	3.11638	148	0	0	0	0
328.70512	409	397.805336	3.115896	153	0	0	0	0
337.099943	410	397.867119	3.115412	157	0	0	0	0
341.193127	411	397.928902	3.114928	159	0	0	0	0
353.859902	412	397.990686	3.114445	165	0	0	0	0
357.938383	413	398.052469	3.113961	167	0	0	0	0
357.727888	414	398.114252	3.113478	167	0	0	0	0
363.940099	415	398.176035	3.112995	170	0	0	0	0
370.144999	416	398.237818	3.112512	173	0	0	0	0
367.789358	417	398.299601	3.112029	172	0	0	0	0
384.669967	418	398.361384	3.111547	180	0	0	0	0
384.444345	419	398.423168	3.111064	180	0	0	0	0
390.622624	420	398.484951	3.110582	183	0	0	0	0
386.127153	421	398.546734	3.1101	181	0	0	0	0
396.561283	422	398.608517	3.109617	186	0	0	0	0
398.459977	423	398.6703	3.109136	187	0	0	0	0
404.615547	424	398.732083	3.108654	190	0	0	0	0
402.250664	425	398.793866	3.108172	189	0	0	0	0
416.905064	426	398.85565	3.107691	196	0	0	0	0
412.409913	427	398.917433	3.107209	194	0	0	0	0
412.169163	428	398.979216	3.106728	194	0	0	0	0
428.915429	429	399.040999	3.106247	202	0	0	0	0
422.298991	430	399.102782	3.105766	199	0	0	0	0
428.415463	431	399.164565	3.105286	202	0	0	0	0
430.285528	432	399.226348	3.104805	203	0	0	0	0
430.035003	433	399.288132	3.104325	203	0	0	0	0
442.487753	434	399.349915	3.103844	209	0	0	0	0
437.998525	435	399.411698	3.103364	207	0	0	0	0
427.170387	436	399.473481	3.102884	202	0	0	0	0
433.262627	437	399.535264	3.102404	205	0	0	0	0
420.337538	438	399.597047	3.101925	199	0	0	0	0
428.537669	439	399.65883	3.101445	203	0	0	0	0
409.300894	440	399.720614	3.100966	194	0	0	0	0
404.846438	441	399.782397	3.100487	192	0	0	0	0
394.075072	442	399.84418	3.100008	187	0	0	0	0
389.634569	443	399.905963	3.099529	185	0	0	0	0
393.61885	444	399.967746	3.09905	187	0	0	0	0
378.665246	445	400.029529	3.098571	180	0	0	0	0
378.446281	446	400.091312	3.098093	180	0	0	0	0
367.721236	447	400.153096	3.097614	175	0	0	0	0
359.108621	448	400.214879	3.097136	171	0	0	0	0
346.308264	449	400.276662	3.096658	165	0	0	0	0
348.206058	450	400.338445	3.09618	166	0	0	0	0
337.52315	451	400.400228	3.095703	161	0	0	0	0
339.4238	452	400.462011	3.095225	162	0	0	0	0
332.946244	453	400.523794	3.094747	159	0	0	0	0
320.197752	454	400.585578	3.09427	153	0	0	0	0
320.013472	455	400.647361	3.093793	153	0	0	0	0
307.287066	456	400.709144	3.093316	147	0	0	0	0
305.021217	457	400.770927	3.092839	146	0	0	0	0
302.757963	458	400.83271	3.092362	145	0	0	0	0
302.584088	459	400.894493	3.091886	145	0	0	0	0
291.982459	460	400.956277	3.091409	140	0	0	0	0
289.730556	461	401.01806	3.090933	139	0	0	0	0
274.982045	462	401.079843	3.090457	132	0	0	0	0
264.414437	463	401.141626	3.089981	127	0	0	0	0
255.939739	464	401.203409	3.089505	123	0	0	0	0
251.633978	465	401.265192	3.089029	121	0	0	0	0
232.784129	466	401.326975	3.088554	112	0	0	0	0
224.342039	467	401.388759	3.088079	108	0	0	0	0
211.757486	468	401.450542	3.087603	102	0	0	0	0
188.812968	469	401.512325	3.087128	91	0	0	0	0
174.189378	470	401.574108	3.086653	84	0	0	0	0
161.654975	471	401.635891	3.086178	78	0	0	0	0
142.920913	472	401.697674	3.085704	69	0	0	0	0
124.208206	473	401.759457	3.085229	60	0	0	0	0
113.79265	474	401.821241	3.084755	55	0	0	0	0
93.050058	475	401.883024	3.084281	45	0	0	0	0
82.664086	476	401.944807	3.083806	40	0	0	0	0
82.617061	477	402.00659	3.083333	40	0	0	0	0
61.927566	478	402.068373	3.082859	30	0	0	0	0
51.576979	479	402.130156	3.082385	25	0	0	0	0
47.42387	480	402.191939	3.081912	23	0	0	0	0
43.275475	481	402.253723	3.081438	21	0	0	0	0
35.012651	482	402.315506	3.080965	17	0	0	0	0
32.934397	483	402.377289	3.080492	16	0	0	0	0
26.744031	484	402.439072	3.080019	13	0	0	0	0
22.616746	485	402.500855	3.079546	11	0	0	0	0
22.603941	486	402.562638	3.079074	11	0	0	0	0
16.429928	487	402.624421	3.078601	8	0	0	0	0
12.315477	488	402.686205	3.078129	6	0	0	0	0
12.308515	489	402.747988	3.077657	6	0	0	0	0
14.351821	490	402.809771	3.077185	7	0	0	0	0
12.294615	491	402.871554	3.076713	6	0	0	0	0
12.287676	492	402.933337	3.076241	6	0	0	0	0
12.280745	493	402.99512	3.075769	6	0	0	0	0
6.136911	494	403.056903	3.075298	3	0	0	0	0
10.222422	495	403.118687	3.074826	5	0	0	0	0
10.216665	496	403.18047	3.074355	5	0	0	0	0
12.253097	497	403.242253	3.073884	6	0	0	0	0
10.205169	498	403.304036	3.073413	5	0	0	0	0
16.31909	499	403.365819	3.072943	8	0	0	0	0
6.11622	500	403.427602	3.072472	3	0	0	0	0
12.225569	501	403.489385	3.072002	6	0	0	0	0
8.145804	502	403.551169	3.071531	4	0	0	0	0
12.21185	503	403.612952	3.071061	6	0	0	0	0
8.136668	504	403.674735	3.070591	4	0	0	0	0
6.09908	505	403.736518	3.070121	3	0	0	0	0
10.15944	506	403.798301	3.069651	5	0	0	0	0
10.153751	507	403.860084	3.069182	5	0	0	0	0
8.118456	508	403.921867	3.068712	4	0	0	0	0
6.085436	509	403.983651	3.068243	3	0	0	0	0
6.082034	510	404.045434	3.067774	3	0	0	0	0
0	511	404.107217	3.067305	0	0	0	0	0
8.100323	512	404.169	3.066836	4	0	0	0	0
10.119752	513	404.230783	3.066367	5	0	0	0	0
4.045643	514	404.292566	3.065899	2	0	0	0	0
2.021694	515	404.354349	3.06543	1	0	0	0	0
10.102836	516	404.416133	3.064962	5	0	0	0	0
8.077768	517	404.477916	3.064494	4	0	0	0	0
6.054953	518	404.539699	3.064026	3	0	0	0	0
6.051585	519	404.601482	3.063558	3	0	0	0	0
6.04822	520	404.663265	3.06309	3	0	0	0	0
8.059812	521	404.725048	3.062622	4	0	0	0	0
2.013834	522	404.786831	3.062155	1	0	0	0	0
8.050863	523	404.848615	3.061688	4	0	0	0	0
10.057995	524	404.910398	3.06122	5	0	0	0	0
4.020967	525	404.972181	3.060753	2	0	0	0	0
12.056215	526	405.033964	3.060287	6	0	0	0	0
6.024768	527	405.095747	3.05982	3	0	0	0	0
4.014288	528	405.15753	3.059353	2	0	0	0	0
4.012067	529	405.219313	3.058887	2	0	0	0	0
6.014772	530	405.281097	3.05842	3	0	0	0	0
8.015262	531	405.34288	3.057954	4	0	0	0	0
6.008125	532	405.404663	3.057488	3	0	0	0	0
6.004808	533	405.466446	3.057022	3	0	0	0	0
8.001991	534	405.528229	3.056557	4	0	0	0	0
7.997578	535	405.590012	3.056091	4	0	0	0	0
1.998292	536	405.651795	3.055626	1	0	0	0	0
3.994382	537	405.713579	3.05516	2	0	0	0	0
3.992182	538	405.775362	3.054695	2	0	0	0	0
3.989985	539	405.837145	3.05423	2	0	0	0	0
7.975579	540	405.898928	3.053765	4	0	0	0	0
5.978396	541	405.960711	3.0533	3	0	0	0	0
9.958517	542	406.022494	3.052836	5	0	0	0	0
1.990609	543	406.084277	3.052371	1	0	0	0	0
9.947583	544	406.146061	3.051907	5	0	0	0	0
1.988425	545	406.207844	3.051443	1	0	0	0	0
3.974669	546	406.269627	3.050979	2	0	0	0	0
1.986245	547	406.33141	3.050515	1	0	0	0	0
5.955472	548	406.393193	3.050051	3	0	0	0	0
3.968141	549	406.454976	3.049587	2	0	0	0	0
5.948954	550	406.516759	3.049124	3	0	0	0	0
3.9638	551	406.578543	3.048661	2	0	0	0	0
3.961634	552	406.640326	3.048197	2	0	0	0	0
7.918939	553	406.702109	3.047734	4	0	0	0	0
3.957307	554	406.763892	3.047271	2	0	0	0	0
3.955148	555	406.825675	3.046809	2	0	0	0	0
11.858971	556	406.887458	3.046346	6	0	0	0	0
9.877088	557	406.949241	3.045884	5	0	0	0	0
0	558	407.011025	3.045421	0	0	0	0	0
3.946532	559	407.072808	3.044959	2	0	0	0	0
11.833153	560	407.134591	3.044497	6	0	0	0	0
3.942239	561	407.196374	3.044035	2	0	0	0	0
7.88019	562	407.258157	3.043573	4	0	0	0	0
3.937954	563	407.31994	3.043112	2	0	0	0	0
3.935815	564	407.381723	3.04265	2	0	0	0	0
5.900518	565	407.443507	3.042189	3	0	0	0	0
5.897317	566	407.50529	3.041727	3	0	0	0	0
1.964706	567	407.567073	3.041266	1	0	0	0	0
5.890925	568	407.628856	3.040805	3	0	0	0	0
3.925156	569	407.690639	3.040345	2	0	0	0	0
5.884546	570	407.752422	3.039884	3	0	0	0	0
5.881362	571	407.814206	3.039423	3	0	0	0	0
7.837576	572	407.875989	3.038963	4	0	0	0	0
3.91667	573	407.937772	3.038503	2	0	0	0	0
3.914554	574	407.999555	3.038043	2	0	0	0	0
5.86866	575	408.061338	3.037583	3	0	0	0	0
5.865493	576	408.123121	3.037123	3	0	0	0	0
5.86233	577	408.184904	3.036663	3	0	0	0	0
7.812226	578	408.246688	3.036203	4	0	0	0	0
5.856013	579	408.308471	3.035744	3	0	0	0	0
3.901906	580	408.370254	3.035285	2	0	0	0	0
0	581	408.432037	3.034826	0	0	0	0	0
5.846563	582	408.49382	3.034367	3	0	0	0	0
5.84342	583	408.555603	3.033908	3	0	0	0	0
7.78704	584	408.617386	3.033449	4	0	0	0	0
3.891429	585	408.67917	3.03299	2	0	0	0	0
3.889341	586	408.740953	3.032532	2	0	0	0	0
5.830881	587	408.802736	3.032074	3	0	0	0	0
3.88517	588	408.864519	3.031615	2	0	0	0	0
3.883088	589	408.926302	3.031157	2	0	0	0	0
7.762016	590	408.988085	3.0307	4	0	0	0	0
7.757861	591	409.049868	3.030242	4	0	0	0	0
3.876855	592	409.111652	3.029784	2	0	0	0	0
-3.874782	593	409.173435	3.029327	-2	0	0	0	0
0	594	409.235218	3.028869	0	0	0	0	0
1.935321	595	409.297001	3.028412	1	0	0	0	0
3.868577	596	409.358784	3.027955	2	0	0	0	0
3.866512	597	409.420567	3.027498	2	0	0	0	0
3.86445	598	409.48235	3.027041	2	0	0	0	0
9.655977	599	409.544134	3.026585	5	0	0	0	0
3.860333	600	409.605917	3.026128	2	0	0	0	0
3.858278	601	409.6677	3.025672	2	0	0	0	0
3.856225	602	409.729483	3.025216	2	0	0	0	0
7.708348	603	409.791266	3.024759	4	0	0	0	0
3.852125	604	409.853049	3.024303	2	0	0	0	0
7.700157	605	409.914832	3.023848	4	0	0	0	0
-1.924017	606	409.976616	3.023392	-1	0	0	0	0
3.845992	607	410.038399	3.022936	2	0	0	0	0
7.687904	608	410.100182	3.022481	4	0	0	0	0
1.920957	609	410.161965	3.022026	1	0	0	0	0
1.919939	610	410.223748	3.021571	1	0	0	0	0
3.837845	611	410.285531	3.021116	2	0	0	0	0
-5.753721	612	410.347314	3.020661	-3	0	0	0	0
0	613	410.409098	3.020206	0	0	0	0	0
1.915879	614	410.470881	3.019751	1	0	0	0	0
7.659467	615	410.532664	3.019297	4	0	0	0	0
1.913855	616	410.594447	3.018843	1	0	0	0	0
3.82569	617	410.65623	3.018388	2	0	0	0	0
1.911836	618	410.718013	3.017934	1	0	0	0	0
3.821656	619	410.779796	3.01748	2	0	0	0	0
5.729463	620	410.84158	3.017027	3	0	0	0	0
3.81763	621	410.903363	3.016573	2	0	0	0	0
3.815621	622	410.965146	3.01612	2	0	0	0	0
1.906807	623	411.026929	3.015666	1	0	0	0	0
7.623216	624	411.088712	3.015213	4	0	0	0	0
5.714407	625	411.150495	3.01476	3	0	0	0	0
1.903802	626	411.212278	3.014307	1	0	0	0	0
5.708407	627	411.274062	3.013854	3	0	0	0	0
7.607215	628	411.335845	3.013401	4	0	0	0	0
0	629	411.397628	3.012949	0	0	0	0	0
7.599241	630	411.459411	3.012496	4	0	0	0	0
1.898815	631	411.521194	3.012044	1	0	0	0	0
3.795642	632	411.582977	3.011592	2	0	0	0	0
1.896828	633	411.64476	3.01114	1	0	0	0	0
5.687507	634	411.706544	3.010688	3	0	0	0	0
3.78969	635	411.768327	3.010236	2	0	0	0	0
5.681565	636	411.83011	3.009785	3	0	0	0	0
5.678598	637	411.891893	3.009333	3	0	0	0	0
3.783756	638	411.953676	3.008882	2	0	0	0	0
7.563566	639	412.015459	3.008431	4	0	0	0	0
3.779811	640	412.077242	3.00798	2	0	0	0	0
1.888921	641	412.139026	3.007529	1	0	0	0	0
7.55175	642	412.200809	3.007078	4	0	0	0	0
1.886955	643	412.262592	3.006627	1	0	0	0	0
5.65792	644	412.324375	3.006177	3	0	0	0	0
9.424964	645	412.386158	3.005726	5	0	0	0	0
3.768027	646	412.447941	3.005276	2	0	0	0	0
5.649105	647	412.509724	3.004826	3	0	0	0	0
5.646173	648	412.571508	3.004376	3	0	0	0	0
-1.881081	649	412.633291	3.003926	-1	0	0	0	0
0	650	412.695074	3.003477	0	0	0	0	0
1.879132	651	412.756857	3.003027	1	0	0	0	0
3.756317	652	412.81864	3.002578	2	0	0	0	0
5.63156	653	412.880423	3.002128	3	0	0	0	0
1.876215	654	412.942206	3.001679	1	0	0	0	0
7.500981	655	413.00399	3.00123	4	0	0	0	0
0	656	413.065773	3.000781	0	0	0	0	0
1.873308	657	413.127556	3.000332	1	0	0	0	0
1.872341	658	413.189339	2.999884	1	0	0	0	0
3.74275	659	413.251122	2.999435	2	0	0	0	0
5.611231	660	413.312905	2.998987	3	0	0	0	0
3.738893	661	413.374688	2.998539	2	0	0	0	0
3.736967	662	413.436472	2.998091	2	0	0	0	0
7.470086	663	413.498255	2.997643	4	0	0	0	0
-1.866561	664	413.560038	2.997195	-1	0	0	0	0
1.865601	665	413.621821	2.996747	1	0	0	0	0
5.593926	666	413.683604	2.9963	3	0	0	0	0
1.863684	667	413.745387	2.995852	1	0	0	0	0
-1.862727	668	413.80717	2.995405	-1	0	0	0	0
1.861771	669	413.868954	2.994958	1	0	0	0	0
0	670	413.930737	2.994511	0	0	0	0	0
0	671	413.99252	2.994064	0	0	0	0	0
1.85891	672	414.054303	2.993617	1	0	0	0	0
7.431834	673	414.116086	2.99317	4	0	0	0	0
0	674	414.177869	2.992724	0	0	0	0	0
0	675	414.239652	2.992278	0	0	0	0	0
5.565328	676	414.301436	2.991831	3	0	0	0	0
0	677	414.363219	2.991385	0	0	0	0	0
7.412859	678	414.425002	2.990939	4	0	0	0	0
3.704538	679	414.486785	2.990493	2	0	0	0	0
3.702649	680	414.548568	2.990048	2	0	0	0	0
0	681	414.610351	2.989602	0	0	0	0	0
7.397752	682	414.672134	2.989157	4	0	0	0	0
5.545489	683	414.733918	2.988711	3	0	0	0	0
1.847555	684	414.795701	2.988266	1	0	0	0	0
5.539847	685	414.857484	2.987821	3	0	0	0	0
3.691354	686	414.919267	2.987376	2	0	0	0	0
3.689479	687	414.98105	2.986932	2	0	0	0	0
0	688	415.042833	2.986487	0	0	0	0	0
9.214334	689	415.104617	2.986042	5	0	0	0	0
5.525796	690	415.1664	2.985598	3	0	0	0	0
0	691	415.228183	2.985154	0	0	0	0	0
0	692	415.289966	2.98471	0	0	0	0	0
7.356534	693	415.351749	2.984266	4	0	0	0	0
5.514608	694	415.413532	2.983822	3	0	0	0	0
1.837273	695	415.475315	2.983378	1	0	0	0	0
-1.836344	696	415.537099	2.982935	-1	0	0	0	0
0	697	415.598882	2.982491	0	0	0	0	0
-1.834489	698	415.660665	2.982048	-1	0	0	0	0
3.667127	699	415.722448	2.981605	2	0	0	0	0
3.665277	700	415.784231	2.981162	2	0	0	0	0
5.495143	701	415.846014	2.980719	3	0	0	0	0
1.830791	702	415.907797	2.980276	1	0	0	0	0
3.659739	703	415.969581	2.979833	2	0	0	0	0
3.657897	704	416.031364	2.979391	2	0	0	0	0
1.828028	705	416.093147	2.978948	1	0	0	0	0
0	706	416.15493	2.978506	0	0	0	0	0
7.304764	707	416.216713	2.978064	4	0	0	0	0
1.825274	708	416.278496	2.977622	1	0	0	0	0
5.473073	709	416.340279	2.97718	3	0	0	0	0
1.823442	710	416.402063	2.976738	1	0	0	0	0
-1.822528	711	416.463846	2.976297	-1	0	0	0	0
0	712	416.525629	2.975855	0	0	0	0	0
1.820702	713	416.587412	2.975414	1	0	0	0	0
3.639582	714	416.649195	2.974973	2	0	0	0	0
1.818881	715	416.710978	2.974532	1	0	0	0	0
-1.817971	716	416.772761	2.974091	-1	0	0	0	0
3.634125	717	416.834545	2.97365	2	0	0	0	0
1.816155	718	416.896328	2.973209	1	0	0	0	0
5.445745	719	416.958111	2.972769	3	0	0	0	0
1.814343	720	417.019894	2.972328	1	0	0	0	0
0	721	417.081677	2.971888	0	0	0	0	0
1.812534	722	417.14346	2.971448	1	0	0	0	0
3.623263	723	417.205243	2.971008	2	0	0	0	0
1.81073	724	417.267027	2.970568	1	0	0	0	0
1.809829	725	417.32881	2.970128	1	0	0	0	0
3.617857	726	417.390593	2.969688	2	0	0	0	0
5.424089	727	417.452376	2.969249	3	0	0	0	0
10.84279	728	417.514159	2.968809	6	0	0	0	0
1.806234	729	417.575942	2.96837	1	0	0	0	0
1.805338	730	417.637725	2.967931	1	0	0	0	0
0	731	417.699509	2.967492	0	0	0	0	0
0	732	417.761292	2.967053	0	0	0	0	0
-3.605311	733	417.823075	2.966615	-2	0	0	0	0
1.801763	734	417.884858	2.966176	1	0	0	0	0
5.402614	735	417.946641	2.965737	3	0	0	0	0
-3.599962	736	418.008424	2.965299	-2	0	0	0	0
1.799091	737	418.070207	2.964861	1	0	0	0	0
-1.798203	738	418.131991	2.964423	-1	0	0	0	0
1.797315	739	418.193774	2.963985	1	0	0	0	0
1.796428	740	418.255557	2.963547	1	0	0	0	0
-1.795542	741	418.31734	2.963109	-1	0	0	0	0
-3.589314	742	418.379123	2.962672	-2	0	0	0	0
3.587546	743	418.440906	2.962234	2	0	0	0	0
0	744	418.502689	2.961797	0	0	0	0	0
5.376024	745	418.564473	2.96136	3	0	0	0	0
-1.791127	746	418.626256	2.960923	-1	0	0	0	0
5.370739	747	418.688039	2.960486	3	0	0	0	0
0	748	418.749822	2.960049	0	0	0	0	0
0	749	418.811605	2.959612	0	0	0	0	0
1.787611	750	418.873388	2.959176	1	0	0	0	0
-3.573468	751	418.935171	2.958739	-2	0	0	0	0
3.571717	752	418.996955	2.958303	2	0	0	0	0
1.784984	753	419.058738	2.957867	1	0	0	0	0
5.352329	754	419.120521	2.957431	3	0	0	0	0
1.783237	755	419.182304	2.956995	1	0	0	0	0
0	756	419.244087	2.956559	0	0	0	0	0
1.781494	757	419.30587	2.956124	1	0	0	0	0
1.780623	758	419.367653	2.955688	1	0	0	0	0
1.779754	759	419.429437	2.955253	1	0	0	0	0
1.778886	760	419.49122	2.954818	1	0	0	0	0
1.778018	761	419.553003	2.954382	1	0	0	0	0
1.777152	762	419.614786	2.953947	1	0	0	0	0
1.776286	763	419.676569	2.953513	1	0	0	0	0
1.775421	764	419.738352	2.953078	1	0	0	0	0
-1.774557	765	419.800135	2.952643	-1	0	0	0	0
1.773694	766	419.861919	2.952209	1	0	0	0	0
1.772832	767	419.923702	2.951774	1	0	0	0	0
8.859855	768	419.985485	2.95134	5	0	0	0	0
7.084443	769	420.047268	2.950906	4	0	0	0	0
5.310754	770	420.109051	2.950472	3	0	0	0	0
3.538786	771	420.170834	2.950038	2	0	0	0	0
1.768535	772	420.232617	2.949604	1	0	0	0	0
3.535357	773	420.294401	2.949171	2	0	0	0	0
1.766823	774	420.356184	2.948737	1	0	0	0	0
3.531936	775	420.417967	2.948304	2	0	0	0	0
1.765114	776	420.47975	2.947871	1	0	0	0	0
3.528521	777	420.541533	2.947438	2	0	0	0	0
1.763409	778	420.603316	2.947005	1	0	0	0	0
5.287672	779	420.665099	2.946572	3	0	0	0	0
0	780	420.726883	2.946139	0	0	0	0	0
1.760857	781	420.788666	2.945707	1	0	0	0	0
5.280026	782	420.850449	2.945274	3	0	0	0	0
-1.759161	783	420.912232	2.944842	-1	0	0	0	0
1.758314	784	420.974015	2.94441	1	0	0	0	0
-7.029871	785	421.035798	2.943978	-4	0	0	0	0
1.756623	786	421.097581	2.943546	1	0	0	0	0
1.755778	787	421.159365	2.943114	1	0	0	0	0
3.50987	788	421.221148	2.942682	2	0	0	0	0
-1.754093	789	421.282931	2.942251	-1	0	0	0	0
7.013004	790	421.344714	2.941819	4	0	0	0	0
1.75241	791	421.406497	2.941388	1	0	0	0	0
-3.503141	792	421.46828	2.940957	-2	0	0	0	0
0	793	421.530063	2.940526	0	0	0	0	0
-1.749893	794	421.591847	2.940095	-1	0	0	0	0
0	795	421.65363	2.939664	0	0	0	0	0
1.74822	796	421.715413	2.939233	1	0	0	0	0
3.494768	797	421.777196	2.938803	2	0	0	0	0
1.74655	798	421.838979	2.938372	1	0	0	0	0
-3.491432	799	421.900762	2.937942	-2	0	0	0	0
-1.744883	800	421.962546	2.937512	-1	0	0	0	0
1.744051	801	422.024329	2.937082	1	0	0	0	0
0	802	422.086112	2.936652	0	0	0	0	0
-1.742389	803	422.147895	2.936222	-1	0	0	0	0
-1.74156	804	422.209678	2.935792	-1	0	0	0	0
1.740732	805	422.271461	2.935363	1	0	0	0	0
0	806	422.333244	2.934934	0	0	0	0	0
0	807	422.395028	2.934504	0	0	0	0	0
0	808	422.456811	2.934075	0	0	0	0	0
5.212278	809	422.518594	2.933646	3	0	0	0	0
0	810	422.580377	2.933217	0	0	0	0	0
3.471556	811	422.64216	2.932788	2	0	0	0	0
3.469911	812	422.703943	2.93236	2	0	0	0	0
-3.468268	813	422.765726	2.931931	-2	0	0	0	0
1.733313	814	422.82751	2.931503	1	0	0	0	0
-5.19748	815	422.889293	2.931074	-3	0	0	0	0
3.463348	816	422.951076	2.930646	2	0	0	0	0
1.730856	817	423.012859	2.930218	1	0	0	0	0
1.730038	818	423.074642	2.92979	1	0	0	0	0
6.916887	819	423.136425	2.929363	4	0	0	0	0
1.728406	820	423.198208	2.928935	1	0	0	0	0
1.727591	821	423.259992	2.928507	1	0	0	0	0
6.907109	822	423.321775	2.92808	4	0	0	0	0
3.451928	823	423.383558	2.927653	2	0	0	0	0
-3.450303	824	423.445341	2.927226	-2	0	0	0	0
-1.72434	825	423.507124	2.926798	-1	0	0	0	0
0	826	423.568907	2.926372	0	0	0	0	0
3.445439	827	423.63069	2.925945	2	0	0	0	0
3.443821	828	423.692474	2.925518	2	0	0	0	0
3.442205	829	423.754257	2.925092	2	0	0	0	0
0	830	423.81604	2.924665	0	0	0	0	0
-3.438978	831	423.877823	2.924239	-2	0	0	0	0
5.15605	832	423.939606	2.923813	3	0	0	0	0
0	833	424.001389	2.923387	0	0	0	0	0
-1.717075	834	424.063172	2.922961	-1	0	0	0	0
0	835	424.124956	2.922535	0	0	0	0	0
1.715469	836	424.186739	2.922109	1	0	0	0	0
0	837	424.248522	2.921684	0	0	0	0	0
5.141601	838	424.310305	2.921258	3	0	0	0	0
5.139202	839	424.372088	2.920833	3	0	0	0	0
6.849073	840	424.433871	2.920408	4	0	0	0	0
1.71147	841	424.495654	2.919983	1	0	0	0	0
1.710673	842	424.557438	2.919558	1	0	0	0	0
3.419753	843	424.619221	2.919133	2	0	0	0	0
-1.709081	844	424.681004	2.918708	-1	0	0	0	0
0	845	424.742787	2.918284	0	0	0	0	0
6.829968	846	424.80457	2.917859	4	0	0	0	0
3.413398	847	424.866353	2.917435	2	0	0	0	0
3.411813	848	424.928136	2.917011	2	0	0	0	0
1.705115	849	424.98992	2.916587	1	0	0	0	0
1.704324	850	425.051703	2.916163	1	0	0	0	0
0	851	425.113486	2.915739	0	0	0	0	0
3.40549	852	425.175269	2.915315	2	0	0	0	0
6.807828	853	425.237052	2.914892	4	0	0	0	0
1.701169	854	425.298835	2.914468	1	0	0	0	0
5.101149	855	425.360618	2.914045	3	0	0	0	0
1.699597	856	425.422402	2.913622	1	0	0	0	0
1.698812	857	425.484185	2.913199	1	0	0	0	0
3.396056	858	425.545968	2.912776	2	0	0	0	0
0	859	425.607751	2.912353	0	0	0	0	0
1.696462	860	425.669534	2.91193	1	0	0	0	0
0	861	425.731317	2.911508	0	0	0	0	0
3.389798	862	425.7931	2.911085	2	0	0	0	0
5.082357	863	425.854884	2.910663	3	0	0	0	0
1.69334	864	425.916667	2.910241	1	0	0	0	0
3.385122	865	425.97845	2.909819	2	0	0	0	0
5.07535	866	426.040233	2.909397	3	0	0	0	0
0	867	426.102016	2.908975	0	0	0	0	0
-1.69023	868	426.163799	2.908553	-1	0	0	0	0
1.689455	869	426.225582	2.908131	1	0	0	0	0
0	870	426.287366	2.90771	0	0	0	0	0
0	871	426.349149	2.907289	0	0	0	0	0
1.687134	872	426.410932	2.906867	1	0	0	0	0
5.059086	873	426.472715	2.906446	3	0	0	0	0
3.371181	874	426.534498	2.906025	2	0	0	0	0
3.36964	875	426.596281	2.905604	2	0	0	0	0
1.68405	876	426.658064	2.905184	1	0	0	0	0
-1.683281	877	426.719848	2.904763	-1	0	0	0	0
3.365027	878	426.781631	2.904342	2	0	0	0	0
1.681746	879	426.843414	2.903922	1	0	0	0	0
1.680979	880	426.905197	2.903502	1	0	0	0	0
5.040641	881	426.96698	2.903082	3	0	0	0	0
0	882	427.028763	2.902662	0	0	0	0	0
-1.678685	883	427.090546	2.902242	-1	0	0	0	0
3.355842	884	427.15233	2.901822	2	0	0	0	0
5.031476	885	427.214113	2.901402	3	0	0	0	0
5.02919	886	427.275896	2.900983	3	0	0	0	0
3.351272	887	427.337679	2.900563	2	0	0	0	0
3.349751	888	427.399462	2.900144	2	0	0	0	0
0	889	427.461245	2.899725	0	0	0	0	0
6.69343	890	427.523028	2.899306	4	0	0	0	0
3.345199	891	427.584812	2.898887	2	0	0	0	0
0	892	427.646595	2.898468	0	0	0	0	0
0	893	427.708378	2.898049	0	0	0	0	0
1.670331	894	427.770161	2.897631	1	0	0	0	0
1.669576	895	427.831944	2.897212	1	0	0	0	0
1.668822	896	427.893727	2.896794	1	0	0	0	0
1.668069	897	427.95551	2.896376	1	0	0	0	0
5.001949	898	428.017294	2.895958	3	0	0	0	0
0	899	428.079077	2.89554	0	0	0	0	0
1.665814	900	428.14086	2.895122	1	0	0	0	0
4.995191	901	428.202643	2.894704	3	0	0	0	0
4.992943	902	428.264426	2.894287	3	0	0	0	0
3.327132	903	428.326209	2.893869	2	0	0	0	0
1.662818	904	428.387992	2.893452	1	0	0	0	0
1.662071	905	428.449776	2.893035	1	0	0	0	0
-1.661325	906	428.511559	2.892617	-1	0	0	0	0
3.321159	907	428.573342	2.8922	2	0	0	0	0
0	908	428.635125	2.891784	0	0	0	0	0
6.636362	909	428.696908	2.891367	4	0	0	0	0
1.658347	910	428.758691	2.89095	1	0	0	0	0
3.31521	911	428.820474	2.890534	2	0	0	0	0
6.627454	912	428.882258	2.890117	4	0	0	0	0
0	913	428.944041	2.889701	0	0	0	0	0
0	914	429.005824	2.889285	0	0	0	0	0
3.309286	915	429.067607	2.888869	2	0	0	0	0
-1.653904	916	429.12939	2.888453	-1	0	0	0	0
3.306333	917	429.191173	2.888037	2	0	0	0	0
0	918	429.252957	2.887621	0	0	0	0	0
1.651693	919	429.31474	2.887206	1	0	0	0	0
6.603831	920	429.376523	2.88679	4	0	0	0	0
3.300446	921	429.438306	2.886375	2	0	0	0	0
-3.298978	922	429.500089	2.88596	-2	0	0	0	0
3.297511	923	429.561872	2.885545	2	0	0	0	0
6.592092	924	429.623655	2.88513	4	0	0	0	0
1.647291	925	429.685439	2.884715	1	0	0	0	0
1.64656	926	429.747222	2.8843	1	0	0	0	0
0	927	429.809005	2.883886	0	0	0	0	0
-3.290201	928	429.870788	2.883471	-2	0	0	0	0
3.288743	929	429.932571	2.883057	2	0	0	0	0
3.287287	930	429.994354	2.882642	2	0	0	0	0
0	931	430.056137	2.882228	0	0	0	0	0
-4.92657	932	430.117921	2.881814	-3	0	0	0	0
-3.282928	933	430.179704	2.8814	-2	0	0	0	0
3.281478	934	430.241487	2.880987	2	0	0	0	0
1.640015	935	430.30327	2.880573	1	0	0	0	0
0	936	430.365053	2.88016	0	0	0	0	0
4.915706	937	430.426836	2.879746	3	0	0	0	0
-4.913539	938	430.488619	2.879333	-3	0	0	0	0
3.27425	939	430.550403	2.87892	2	0	0	0	0
1.636405	940	430.612186	2.878507	1	0	0	0	0
1.635685	941	430.673969	2.878094	1	0	0	0	0
3.269931	942	430.735752	2.877681	2	0	0	0	0
4.902742	943	430.797535	2.877268	3	0	0	0	0
0	944	430.859318	2.876856	0	0	0	0	0
3.265626	945	430.921101	2.876443	2	0	0	0	0
-3.264193	946	430.982885	2.876031	-2	0	0	0	0
0	947	431.044668	2.875618	0	0	0	0	0
3.261333	948	431.106451	2.875206	2	0	0	0	0
1.629953	949	431.168234	2.874794	1	0	0	0	0
6.516958	950	431.230017	2.874382	4	0	0	0	0
0	951	431.2918	2.873971	0	0	0	0	0
6.511261	952	431.353583	2.873559	4	0	0	0	0
0	953	431.415367	2.873148	0	0	0	0	0
3.252788	954	431.47715	2.872736	2	0	0	0	0
1.625685	955	431.538933	2.872325	1	0	0	0	0
0	956	431.600716	2.871914	0	0	0	0	0
3.248535	957	431.662499	2.871503	2	0	0	0	0
1.62356	958	431.724282	2.871092	1	0	0	0	0
1.622854	959	431.786065	2.870681	1	0	0	0	0
1.622148	960	431.847849	2.87027	1	0	0	0	0
1.621443	961	431.909632	2.86986	1	0	0	0	0
3.241476	962	431.971415	2.869449	2	0	0	0	0
1.620034	963	432.033198	2.869039	1	0	0	0	0
4.857994	964	432.094981	2.868629	3	0	0	0	0
3.237258	965	432.156764	2.868218	2	0	0	0	0
-1.617928	966	432.218547	2.867808	-1	0	0	0	0
3.234453	967	432.280331	2.867399	2	0	0	0	0
-1.616527	968	432.342114	2.866989	-1	0	0	0	0
4.847481	969	432.403897	2.866579	3	0	0	0	0
-1.615128	970	432.46568	2.86617	-1	0	0	0	0
0	971	432.527463	2.86576	0	0	0	0	0
1.613733	972	432.589246	2.865351	1	0	0	0	0
1.613037	973	432.651029	2.864942	1	0	0	0	0
1.612341	974	432.712813	2.864533	1	0	0	0	0
6.446583	975	432.774596	2.864124	4	0	0	0	0
-1.610951	976	432.836379	2.863715	-1	0	0	0	0
-1.610258	977	432.898162	2.863306	-1	0	0	0	0
0	978	432.959945	2.862898	0	0	0	0	0
4.826617	979	433.021728	2.862489	3	0	0	0	0
0	980	433.083511	2.862081	0	0	0	0	0
0	981	433.145295	2.861673	0	0	0	0	0
-1.6068	982	433.207078	2.861264	-1	0	0	0	0
0	983	433.268861	2.860856	0	0	0	0	0
-3.210843	984	433.330644	2.860449	-2	0	0	0	0
-3.209467	985	433.392427	2.860041	-2	0	0	0	0
1.604046	986	433.45421	2.859633	1	0	0	0	0
0	987	433.515993	2.859226	0	0	0	0	0
1.602674	988	433.577777	2.858818	1	0	0	0	0
0	989	433.63956	2.858411	0	0	0	0	0
-1.601304	990	433.701343	2.858004	-1	0	0	0	0
3.20124	991	433.763126	2.857597	2	0	0	0	0
0	992	433.824909	2.85719	0	0	0	0	0
-3.198509	993	433.886692	2.856783	-2	0	0	0	0
1.598573	994	433.948475	2.856376	1	0	0	0	0
1.597892	995	434.010259	2.855969	1	0	0	0	0
4.791635	996	434.072042	2.855563	3	0	0	0	0
4.789596	997	434.133825	2.855156	3	0	0	0	0
1.595853	998	434.195608	2.85475	1	0	0	0	0
1.595175	999	434.257391	2.854344	1	0	0	0	0
-1.594497	1000	434.319174	2.853938	-1	0	0	0	0
0	1001	434.380957	2.853532	0	0	0	0	0
0	1002	434.442741	2.853126	0	0	0	0	0
0	1003	434.504524	2.852721	0	0	0	0	0
6.367177	1004	434.566307	2.852315	4	0	0	0	0
0	1005	434.62809	2.85191	0	0	0	0	0
1.590447	1006	434.689873	2.851504	1	0	0	0	0
0	1007	434.751656	2.851099	0	0	0	0	0
3.178204	1008	434.813439	2.850694	2	0	0	0	0
1.588431	1009	434.875223	2.850289	1	0	0	0	0
1.58776	1010	434.937006	2.849884	1	0	0	0	0
-1.58709	1011	434.998789	2.849479	-1	0	0	0	0
1.586421	1012	435.060572	2.849075	1	0	0	0	0
-1.585752	1013	435.122355	2.84867	-1	0	0	0	0
3.170169	1014	435.184138	2.848266	2	0	0	0	0
3.168835	1015	435.245921	2.847861	2	0	0	0	0
1.583751	1016	435.307705	2.847457	1	0	0	0	0
-1.583085	1017	435.369488	2.847053	-1	0	0	0	0
-1.58242	1018	435.431271	2.846649	-1	0	0	0	0
1.581755	1019	435.493054	2.846245	1	0	0	0	0
4.743275	1020	435.554837	2.845841	3	0	0	0	0
3.160857	1021	435.61662	2.845438	2	0	0	0	0
6.319064	1022	435.678403	2.845034	4	0	0	0	0
-1.579104	1023	435.740187	2.844631	-1	0	0	0	0
1.578443	1024	435.80197	2.844228	1	0	0	0	0
