3.592128	4	418.280949	2.963367	2	0	292.01	0	5.01
5.385577	5	418.341753	2.962936	3	0	0	0	0
0	6	418.402556	2.962506	0	0	0	0	0
0	7	418.463359	2.962075	0	0	0	0	0
0	8	418.524162	2.961645	0	0	0	0	0
1.791716	9	418.584966	2.961215	1	0	0	0	0
3.581697	10	418.645769	2.960785	2	0	0	0	0
0	11	418.706572	2.960355	0	0	0	0	0
-1.789117	12	418.767375	2.959925	-1	0	0	0	0
0	13	418.828179	2.959495	0	0	0	0	0
0	14	418.888982	2.959066	0	0	0	0	0
5.359581	15	418.949785	2.958636	3	0	0	0	0
0	16	419.010588	2.958207	0	0	0	0	0
-1.784805	17	419.071392	2.957778	-1	0	0	0	0
3.56789	18	419.132195	2.957349	2	0	0	0	0
3.566172	19	419.192998	2.95692	2	0	0	0	0
5.346683	20	419.253801	2.956491	3	0	0	0	0
0	21	419.314605	2.956062	0	0	0	0	0
3.561028	22	419.375408	2.955633	2	0	0	0	0
-1.779659	23	419.436211	2.955205	-1	0	0	0	0
-3.557609	24	419.497014	2.954777	-2	0	0	0	0
3.555901	25	419.557818	2.954348	2	0	0	0	0
7.108391	26	419.618621	2.95392	4	0	0	0	0
7.104983	27	419.679424	2.953492	4	0	0	0	0
5.326185	28	419.740227	2.953065	3	0	0	0	0
-3.549089	29	419.801031	2.952637	-2	0	0	0	0
-3.547391	30	419.861834	2.952209	-2	0	0	0	0
-3.545694	31	419.922637	2.951782	-2	0	0	0	0
-3.543999	32	419.98344	2.951354	-2	0	0	0	0
-3.542306	33	420.044244	2.950927	-2	0	0	0	0
1.770307	34	420.105047	2.9505	1	0	0	0	0
7.077848	35	420.16585	2.950073	4	0	0	0	0
5.305854	36	420.226653	2.949646	3	0	0	0	0
3.53555	37	420.287457	2.94922	2	0	0	0	0
7.06773	38	420.34826	2.948793	4	0	0	0	0
5.298273	39	420.409063	2.948367	3	0	0	0	0
8.826252	40	420.469866	2.94794	5	0	0	0	0
7.057643	41	420.53067	2.947514	4	0	0	0	0
8.817859	42	420.591473	2.947088	5	0	0	0	0
8.813669	43	420.652276	2.946662	5	0	0	0	0
5.28569	44	420.713079	2.946236	3	0	0	0	0
3.522121	45	420.773883	2.94581	2	0	0	0	0
1.760225	46	420.834686	2.945385	1	0	0	0	0
0	47	420.895489	2.944959	0	0	0	0	0
0	48	420.956292	2.944534	0	0	0	0	0
0	49	421.017096	2.944108	0	0	0	0	0
-5.270676	50	421.077899	2.943683	-3	0	0	0	0
-1.756061	51	421.138702	2.943258	-1	0	0	0	0
-3.510461	52	421.199505	2.942833	-2	0	0	0	0
-3.508802	53	421.260309	2.942409	-2	0	0	0	0
-1.753572	54	421.321112	2.941984	-1	0	0	0	0
0	55	421.381915	2.94156	0	0	0	0	0
-3.503835	56	421.442718	2.941135	-2	0	0	0	0
-1.751092	57	421.503522	2.940711	-1	0	0	0	0
-1.750267	58	421.564325	2.940287	-1	0	0	0	0
3.498884	59	421.625128	2.939863	2	0	0	0	0
3.497237	60	421.685931	2.939439	2	0	0	0	0
5.243388	61	421.746735	2.939015	3	0	0	0	0
0	62	421.807538	2.938591	0	0	0	0	0
3.492306	63	421.868341	2.938168	2	0	0	0	0
0	64	421.929144	2.937744	0	0	0	0	0
3.489028	65	421.989948	2.937321	2	0	0	0	0
1.743695	66	422.050751	2.936898	1	0	0	0	0
1.742878	67	422.111554	2.936475	1	0	0	0	0
1.742061	68	422.172357	2.936052	1	0	0	0	0
1.741245	69	422.23316	2.935629	1	0	0	0	0
0	70	422.293964	2.935207	0	0	0	0	0
1.739616	71	422.354767	2.934784	1	0	0	0	0
3.477605	72	422.41557	2.934362	2	0	0	0	0
1.73799	73	422.476373	2.933939	1	0	0	0	0
-3.474356	74	422.537177	2.933517	-2	0	0	0	0
3.472734	75	422.59798	2.933095	2	0	0	0	0
0	76	422.658783	2.932673	0	0	0	0	0
3.469495	77	422.719586	2.932251	2	0	0	0	0
-1.733939	78	422.78039	2.931829	-1	0	0	0	0
8.665658	79	422.841193	2.931408	5	0	0	0	0
1.732325	80	422.901996	2.930986	1	0	0	0	0
-1.731519	81	422.962799	2.930565	-1	0	0	0	0
0	82	423.023603	2.930144	0	0	0	0	0
1.729909	83	423.084406	2.929723	1	0	0	0	0
1.729106	84	423.145209	2.929302	1	0	0	0	0
0	85	423.206012	2.928881	0	0	0	0	0
5.182504	86	423.266816	2.92846	3	0	0	0	0
1.7267	87	423.327619	2.92804	1	0	0	0	0
3.4518	88	423.388422	2.927619	2	0	0	0	0
0	89	423.449225	2.927199	0	0	0	0	0
1.724302	90	423.510029	2.926778	1	0	0	0	0
5.170513	91	423.570832	2.926358	3	0	0	0	0
3.445415	92	423.631635	2.925938	2	0	0	0	0
5.165734	93	423.692438	2.925518	3	0	0	0	0
5.163348	94	423.753242	2.925099	3	0	0	0	0
5.160964	95	423.814045	2.924679	3	0	0	0	0
0	96	423.874848	2.924259	0	0	0	0	0
-1.718735	97	423.935651	2.92384	-1	0	0	0	0
3.435885	98	423.996455	2.923421	2	0	0	0	0
1.717151	99	424.057258	2.923001	1	0	0	0	0
3.432722	100	424.118061	2.922582	2	0	0	0	0
0	101	424.178864	2.922164	0	0	0	0	0
-1.714782	102	424.239668	2.921745	-1	0	0	0	0
3.427989	103	424.300471	2.921326	2	0	0	0	0
5.139622	104	424.361274	2.920907	3	0	0	0	0
3.424842	105	424.422077	2.920489	2	0	0	0	0
3.42327	106	424.482881	2.920071	2	0	0	0	0
5.132551	107	424.543684	2.919652	3	0	0	0	0
1.710066	108	424.604487	2.919234	1	0	0	0	0
3.418566	109	424.66529	2.918816	2	0	0	0	0
5.125502	110	424.726094	2.918399	3	0	0	0	0
8.538595	111	424.786897	2.917981	5	0	0	0	0
3.413876	112	424.8477	2.917563	2	0	0	0	0
1.706158	113	424.908503	2.917146	1	0	0	0	0
5.116137	114	424.969307	2.916728	3	0	0	0	0
3.409201	115	425.03011	2.916311	2	0	0	0	0
5.111468	116	425.090913	2.915894	3	0	0	0	0
-1.703046	117	425.151716	2.915477	-1	0	0	0	0
3.40454	118	425.21252	2.91506	2	0	0	0	0
3.402989	119	425.273323	2.914643	2	0	0	0	0
1.70072	120	425.334126	2.914227	1	0	0	0	0
1.699946	121	425.394929	2.91381	1	0	0	0	0
5.09752	122	425.455733	2.913394	3	0	0	0	0
1.698401	123	425.516536	2.912977	1	0	0	0	0
1.69763	124	425.577339	2.912561	1	0	0	0	0
1.696859	125	425.638142	2.912145	1	0	0	0	0
3.392179	126	425.698946	2.911729	2	0	0	0	0
6.781283	127	425.759749	2.911313	4	0	0	0	0
0	128	425.820552	2.910898	0	0	0	0	0
3.38757	129	425.881355	2.910482	2	0	0	0	0
1.693018	130	425.942159	2.910066	1	0	0	0	0
0	131	426.002962	2.909651	0	0	0	0	0
5.074462	132	426.063765	2.909236	3	0	0	0	0
0	133	426.124568	2.908821	0	0	0	0	0
1.68996	134	426.185372	2.908406	1	0	0	0	0
1.689197	135	426.246175	2.907991	1	0	0	0	0
1.688435	136	426.306978	2.907576	1	0	0	0	0
5.063021	137	426.367781	2.907162	3	0	0	0	0
5.06074	138	426.428585	2.906747	3	0	0	0	0
-3.372307	139	426.489388	2.906333	-2	0	0	0	0
1.685395	140	426.550191	2.905918	1	0	0	0	0
8.423184	141	426.610994	2.905504	5	0	0	0	0
8.419397	142	426.671798	2.90509	5	0	0	0	0
3.366246	143	426.732601	2.904676	2	0	0	0	0
1.682367	144	426.793404	2.904262	1	0	0	0	0
8.40806	145	426.854207	2.903849	5	0	0	0	0
5.042573	146	426.915011	2.903435	3	0	0	0	0
10.080626	147	426.975814	2.903022	6	0	0	0	0
1.679352	148	427.036617	2.902608	1	0	0	0	0
6.714398	149	427.09742	2.902195	4	0	0	0	0
0	150	427.158224	2.901782	0	0	0	0	0
0	151	427.219027	2.901369	0	0	0	0	0
1.676348	152	427.27983	2.900956	1	0	0	0	0
0	153	427.340633	2.900543	0	0	0	0	0
-3.349703	154	427.401437	2.900131	-2	0	0	0	0
3.348208	155	427.46224	2.899718	2	0	0	0	0
5.020072	156	427.523043	2.899306	3	0	0	0	0
5.017834	157	427.583846	2.898893	3	0	0	0	0
3.343733	158	427.64465	2.898481	2	0	0	0	0
1.671122	159	427.705453	2.898069	1	0	0	0	0
-1.670378	160	427.766256	2.897657	-1	0	0	0	0
5.008907	161	427.827059	2.897245	3	0	0	0	0
1.668893	162	427.887863	2.896834	1	0	0	0	0
1.668152	163	427.948666	2.896422	1	0	0	0	0
1.667412	164	428.009469	2.896011	1	0	0	0	0
5.000015	165	428.070272	2.895599	3	0	0	0	0
0	166	428.131076	2.895188	0	0	0	0	0
3.330389	167	428.191879	2.894777	2	0	0	0	0
4.99337	168	428.252682	2.894366	3	0	0	0	0
0	169	428.313485	2.893955	0	0	0	0	0
4.988951	170	428.374289	2.893544	3	0	0	0	0
3.324497	171	428.435092	2.893134	2	0	0	0	0
3.323028	172	428.495895	2.892723	2	0	0	0	0
-1.66078	173	428.556698	2.892313	-1	0	0	0	0
1.660047	174	428.617502	2.891902	1	0	0	0	0
4.977944	175	428.678305	2.891492	3	0	0	0	0
6.634332	176	428.739108	2.891082	4	0	0	0	0
4.973556	177	428.799911	2.890672	3	0	0	0	0
4.971366	178	428.860715	2.890262	3	0	0	0	0
1.656393	179	428.921518	2.889853	1	0	0	0	0
1.655664	180	428.982321	2.889443	1	0	0	0	0
3.309872	181	429.043124	2.889034	2	0	0	0	0
4.962626	182	429.103928	2.888624	3	0	0	0	0
1.653482	183	429.164731	2.888215	1	0	0	0	0
3.305513	184	429.225534	2.887806	2	0	0	0	0
0	185	429.286337	2.887397	0	0	0	0	0
1.651307	186	429.347141	2.886988	1	0	0	0	0
0	187	429.407944	2.886579	0	0	0	0	0
3.299722	188	429.468747	2.88617	2	0	0	0	0
4.947417	189	429.52955	2.885762	3	0	0	0	0
-3.296836	190	429.590354	2.885353	-2	0	0	0	0
-1.647697	191	429.651157	2.884945	-1	0	0	0	0
4.940932	192	429.71196	2.884537	3	0	0	0	0
1.646258	193	429.772763	2.884129	1	0	0	0	0
4.93662	194	429.833567	2.883721	3	0	0	0	0
6.579289	195	429.89437	2.883313	4	0	0	0	0
3.288211	196	429.955173	2.882905	2	0	0	0	0
1.643389	197	430.015976	2.882498	1	0	0	0	0
4.928021	198	430.07678	2.88209	3	0	0	0	0
4.925877	199	430.137583	2.881683	3	0	0	0	0
0	200	430.198386	2.881275	0	0	0	0	0
3.281063	201	430.259189	2.880868	2	0	0	0	0
-1.639819	202	430.319993	2.880461	-1	0	0	0	0
3.278214	203	430.380796	2.880054	2	0	0	0	0
-1.638396	204	430.441599	2.879647	-1	0	0	0	0
-1.637685	205	430.502402	2.879241	-1	0	0	0	0
6.547903	206	430.563206	2.878834	4	0	0	0	0
-1.636267	207	430.624009	2.878428	-1	0	0	0	0
1.635559	208	430.684812	2.878021	1	0	0	0	0
3.269702	209	430.745615	2.877615	2	0	0	0	0
4.902432	210	430.806419	2.877209	3	0	0	0	0
0	211	430.867222	2.876803	0	0	0	0	0
-1.632733	212	430.928025	2.876397	-1	0	0	0	0
3.264056	213	430.988828	2.875991	2	0	0	0	0
8.156619	214	431.049632	2.875585	5	0	0	0	0
4.891862	215	431.110435	2.87518	3	0	0	0	0
3.259836	216	431.171238	2.874774	2	0	0	0	0
4.887649	217	431.232041	2.874369	3	0	0	0	0
4.885545	218	431.292845	2.873964	3	0	0	0	0
1.627815	219	431.353648	2.873559	1	0	0	0	0
0	220	431.414451	2.873154	0	0	0	0	0
4.879248	221	431.475254	2.872749	3	0	0	0	0
4.877153	222	431.536058	2.872344	3	0	0	0	0
3.25004	223	431.596861	2.871939	2	0	0	0	0
4.872969	224	431.657664	2.871535	3	0	0	0	0
0	225	431.718467	2.87113	0	0	0	0	0
3.245863	226	431.779271	2.870726	2	0	0	0	0
4.86671	227	431.840074	2.870322	3	0	0	0	0
4.864627	228	431.900877	2.869918	3	0	0	0	0
1.620849	229	431.96168	2.869514	1	0	0	0	0
3.240313	230	432.022484	2.86911	2	0	0	0	0
3.238929	231	432.083287	2.868706	2	0	0	0	0
0	232	432.14409	2.868303	0	0	0	0	0
6.47233	233	432.204893	2.867899	4	0	0	0	0
0	234	432.265697	2.867496	0	0	0	0	0
4.85011	235	432.3265	2.867092	3	0	0	0	0
1.616015	236	432.387303	2.866689	1	0	0	0	0
0	237	432.448106	2.866286	0	0	0	0	0
4.84392	238	432.50891	2.865883	3	0	0	0	0
-1.613954	239	432.569713	2.86548	-1	0	0	0	0
3.226536	240	432.630516	2.865078	2	0	0	0	0
6.450331	241	432.691319	2.864675	4	0	0	0	0
6.447594	242	432.752123	2.864272	4	0	0	0	0
3.22243	243	432.812926	2.86387	2	0	0	0	0
-1.610532	244	432.873729	2.863468	-1	0	0	0	0
3.219699	245	432.934532	2.863066	2	0	0	0	0
4.827504	246	432.995336	2.862664	3	0	0	0	0
-1.608487	247	433.056139	2.862262	-1	0	0	0	0
3.215614	248	433.116942	2.86186	2	0	0	0	0
1.607127	249	433.177745	2.861458	1	0	0	0	0
3.212897	250	433.238549	2.861057	2	0	0	0	0
4.817311	251	433.299352	2.860655	3	0	0	0	0
3.210186	252	433.360155	2.860254	2	0	0	0	0
3.208832	253	433.420958	2.859852	2	0	0	0	0
3.20748	254	433.481762	2.859451	2	0	0	0	0
3.206129	255	433.542565	2.85905	2	0	0	0	0
0	256	433.603368	2.858649	0	0	0	0	0
3.203432	257	433.664171	2.858249	2	0	0	0	0
3.202085	258	433.724975	2.857848	2	0	0	0	0
4.801109	259	433.785778	2.857447	3	0	0	0	0
0	260	433.846581	2.857047	0	0	0	0	0
1.599026	261	433.907384	2.856646	1	0	0	0	0
6.393423	262	433.968188	2.856246	4	0	0	0	0
6.390743	263	434.028991	2.855846	4	0	0	0	0
3.194033	264	434.089794	2.855446	2	0	0	0	0
1.596348	265	434.150597	2.855046	1	0	0	0	0
1.59568	266	434.211401	2.854646	1	0	0	0	0
3.190025	267	434.272204	2.854247	2	0	0	0	0
3.188692	268	434.333007	2.853847	2	0	0	0	0
1.59368	269	434.39381	2.853448	1	0	0	0	0
3.186029	270	434.454614	2.853048	2	0	0	0	0
0	271	434.515417	2.852649	0	0	0	0	0
3.183372	272	434.57622	2.85225	2	0	0	0	0
1.591023	273	434.637023	2.851851	1	0	0	0	0
6.361441	274	434.697827	2.851452	4	0	0	0	0
3.179396	275	434.75863	2.851053	2	0	0	0	0
3.178074	276	434.819433	2.850655	2	0	0	0	0
0	277	434.880236	2.850256	0	0	0	0	0
-1.587716	278	434.94104	2.849858	-1	0	0	0	0
0	279	435.001843	2.849459	0	0	0	0	0
1.586399	280	435.062646	2.849061	1	0	0	0	0
4.757222	281	435.123449	2.848663	3	0	0	0	0
7.925416	282	435.184253	2.848265	5	0	0	0	0
0	283	435.245056	2.847867	0	0	0	0	0
3.167541	284	435.305859	2.847469	2	0	0	0	0
1.583115	285	435.366662	2.847071	1	0	0	0	0
-1.582461	286	435.427466	2.846674	-1	0	0	0	0
0	287	435.488269	2.846276	0	0	0	0	0
1.581153	288	435.549072	2.845879	1	0	0	0	0
4.741502	289	435.609875	2.845482	3	0	0	0	0
3.159698	290	435.670679	2.845085	2	0	0	0	0
4.737592	291	435.731482	2.844688	3	0	0	0	0
3.157093	292	435.792285	2.844291	2	0	0	0	0
1.577897	293	435.853088	2.843894	1	0	0	0	0
4.731742	294	435.913892	2.843497	3	0	0	0	0
3.153197	295	435.974695	2.843101	2	0	0	0	0
3.151901	296	436.035498	2.842704	2	0	0	0	0
1.575303	297	436.096301	2.842308	1	0	0	0	0
4.723969	298	436.157105	2.841912	3	0	0	0	0
3.14802	299	436.217908	2.841516	2	0	0	0	0
4.720094	300	436.278711	2.84112	3	0	0	0	0
4.71816	301	436.339514	2.840724	3	0	0	0	0
1.572076	302	436.400318	2.840328	1	0	0	0	0
4.714297	303	436.461121	2.839932	3	0	0	0	0
1.570789	304	436.521924	2.839537	1	0	0	0	0
6.280588	305	436.582727	2.839141	4	0	0	0	0
3.139011	306	436.643531	2.838746	2	0	0	0	0
6.275458	307	436.704334	2.838351	4	0	0	0	0
1.568224	308	436.765137	2.837955	1	0	0	0	0
3.135169	309	436.82594	2.83756	2	0	0	0	0
4.700837	310	436.886744	2.837166	3	0	0	0	0
3.132614	311	436.947547	2.836771	2	0	0	0	0
4.697009	312	437.00835	2.836376	3	0	0	0	0
4.695097	313	437.069153	2.835981	3	0	0	0	0
3.128792	314	437.129957	2.835587	2	0	0	0	0
1.56376	315	437.19076	2.835193	1	0	0	0	0
3.12625	316	437.251563	2.834798	2	0	0	0	0
3.124981	317	437.312366	2.834404	2	0	0	0	0
1.561857	318	437.37317	2.83401	1	0	0	0	0
4.68367	319	437.433973	2.833616	3	0	0	0	0
1.560591	320	437.494776	2.833222	1	0	0	0	0
1.559959	321	437.555579	2.832829	1	0	0	0	0
3.118655	322	437.616383	2.832435	2	0	0	0	0
4.67609	323	437.677186	2.832042	3	0	0	0	0
4.6742	324	437.737989	2.831648	3	0	0	0	0
1.557437	325	437.798792	2.831255	1	0	0	0	0
7.784042	326	437.859596	2.830862	5	0	0	0	0
1.55618	327	437.920399	2.830469	1	0	0	0	0
6.222211	328	437.981202	2.830076	4	0	0	0	0
3.109852	329	438.042005	2.829683	2	0	0	0	0
4.662899	330	438.102809	2.82929	3	0	0	0	0
9.322043	331	438.163612	2.828898	6	0	0	0	0
3.106098	332	438.224415	2.828505	2	0	0	0	0
0	333	438.285218	2.828113	0	0	0	0	0
0	334	438.346022	2.82772	0	0	0	0	0
1.551178	335	438.406825	2.827328	1	0	0	0	0
4.651665	336	438.467628	2.826936	3	0	0	0	0
0	337	438.528431	2.826544	0	0	0	0	0
0	338	438.589235	2.826152	0	0	0	0	0
0	339	438.650038	2.825761	0	0	0	0	0
4.644214	340	438.710841	2.825369	3	0	0	0	0
3.094904	341	438.771644	2.824977	2	0	0	0	0
6.187332	342	438.832448	2.824586	4	0	0	0	0
1.546215	343	438.893251	2.824195	1	0	0	0	0
1.545597	344	438.954054	2.823804	1	0	0	0	0
4.634941	345	439.014857	2.823412	3	0	0	0	0
4.633093	346	439.075661	2.823021	3	0	0	0	0
3.087497	347	439.136464	2.822631	2	0	0	0	0
3.086267	348	439.197267	2.82224	2	0	0	0	0
1.542519	349	439.25807	2.821849	1	0	0	0	0
0	350	439.318874	2.821459	0	0	0	0	0
0	351	439.379677	2.821068	0	0	0	0	0
0	352	439.44048	2.820678	0	0	0	0	0
4.620202	353	439.501283	2.820288	3	0	0	0	0
-3.078912	354	439.562087	2.819897	-2	0	0	0	0
4.616536	355	439.62289	2.819507	3	0	0	0	0
3.076471	356	439.683693	2.819118	2	0	0	0	0
6.150503	357	439.744496	2.818728	4	0	0	0	0
3.074034	358	439.8053	2.818338	2	0	0	0	0
6.145634	359	439.866103	2.817948	4	0	0	0	0
4.607403	360	439.926906	2.817559	3	0	0	0	0
1.535194	361	439.987709	2.81717	1	0	0	0	0
4.603762	362	440.048513	2.81678	3	0	0	0	0
1.533982	363	440.109316	2.816391	1	0	0	0	0
4.600129	364	440.170119	2.816002	3	0	0	0	0
1.532772	365	440.230922	2.815613	1	0	0	0	0
0	366	440.291726	2.815224	0	0	0	0	0
1.531564	367	440.352529	2.814836	1	0	0	0	0
3.061923	368	440.413332	2.814447	2	0	0	0	0
4.591078	369	440.474135	2.814059	3	0	0	0	0
3.059515	370	440.534939	2.81367	2	0	0	0	0
6.116627	371	440.595742	2.813282	4	0	0	0	0
6.114225	372	440.656545	2.812894	4	0	0	0	0
9.167739	373	440.717348	2.812506	6	0	0	0	0
4.582072	374	440.778152	2.812118	3	0	0	0	0
4.580276	375	440.838955	2.81173	3	0	0	0	0
6.104643	376	440.899758	2.811342	4	0	0	0	0
3.051127	377	440.960561	2.810954	2	0	0	0	0
4.5749	378	441.021365	2.810567	3	0	0	0	0
3.048741	379	441.082168	2.810179	2	0	0	0	0
1.523775	380	441.142971	2.809792	1	0	0	0	0
4.569539	381	441.203774	2.809405	3	0	0	0	0
1.522585	382	441.264578	2.809018	1	0	0	0	0
-1.521992	383	441.325381	2.808631	-1	0	0	0	0
-1.521398	384	441.386184	2.808244	-1	0	0	0	0
4.562417	385	441.446987	2.807857	3	0	0	0	0
3.040428	386	441.507791	2.80747	2	0	0	0	0
3.039245	387	441.568594	2.807084	2	0	0	0	0
3.038063	388	441.629397	2.806697	2	0	0	0	0
3.036883	389	441.6902	2.806311	2	0	0	0	0
1.517852	390	441.751004	2.805925	1	0	0	0	0
3.034525	391	441.811807	2.805538	2	0	0	0	0
1.516674	392	441.87261	2.805152	1	0	0	0	0
6.064345	393	441.933413	2.804766	4	0	0	0	0
6.061996	394	441.994217	2.804381	4	0	0	0	0
3.029825	395	442.05502	2.803995	2	0	0	0	0
4.542979	396	442.115823	2.803609	3	0	0	0	0
6.054963	397	442.176626	2.803224	4	0	0	0	0
4.539467	398	442.23743	2.802838	3	0	0	0	0
4.537714	399	442.298233	2.802453	3	0	0	0	0
0	400	442.359036	2.802068	0	0	0	0	0
4.534214	401	442.419839	2.801683	3	0	0	0	0
4.532466	402	442.480643	2.801298	3	0	0	0	0
4.53072	403	442.541446	2.800913	3	0	0	0	0
3.019317	404	442.602249	2.800528	2	0	0	0	0
1.509078	405	442.663052	2.800143	1	0	0	0	0
6.03399	406	442.723856	2.799759	4	0	0	0	0
1.507918	407	442.784659	2.799374	1	0	0	0	0
3.014678	408	442.845462	2.79899	2	0	0	0	0
3.013521	409	442.906265	2.798606	2	0	0	0	0
3.012365	410	442.967069	2.798222	2	0	0	0	0
6.02242	411	443.027872	2.797838	4	0	0	0	0
4.515085	412	443.088675	2.797454	3	0	0	0	0
1.504452	413	443.149478	2.79707	1	0	0	0	0
3.007753	414	443.210282	2.796686	2	0	0	0	0
6.013206	415	443.271085	2.796302	4	0	0	0	0
4.508181	416	443.331888	2.795919	3	0	0	0	0
4.50646	417	443.392691	2.795535	3	0	0	0	0
3.00316	418	443.453495	2.795152	2	0	0	0	0
6.004029	419	443.514298	2.794769	4	0	0	0	0
4.501305	420	443.575101	2.794386	3	0	0	0	0
4.499591	421	443.635904	2.794003	3	0	0	0	0
4.497878	422	443.696708	2.79362	3	0	0	0	0
2.997444	423	443.757511	2.793237	2	0	0	0	0
7.490761	424	443.818314	2.792855	5	0	0	0	0
1.497583	425	443.879117	2.792472	1	0	0	0	0
4.491043	426	443.939921	2.79209	3	0	0	0	0
2.992892	427	444.000724	2.791707	2	0	0	0	0
1.495879	428	444.061527	2.791325	1	0	0	0	0
7.476558	429	444.12233	2.790943	5	0	0	0	0
4.484236	430	444.183134	2.790561	3	0	0	0	0
2.988359	431	444.243937	2.790179	2	0	0	0	0
4.480842	432	444.30474	2.789797	3	0	0	0	0
2.986099	433	444.365543	2.789415	2	0	0	0	0
5.969941	434	444.426347	2.789034	4	0	0	0	0
5.967686	435	444.48715	2.788652	4	0	0	0	0
2.982717	436	444.547953	2.788271	2	0	0	0	0
1.490796	437	444.608756	2.787889	1	0	0	0	0
2.980468	438	444.66956	2.787508	2	0	0	0	0
4.469019	439	444.730363	2.787127	3	0	0	0	0
-1.489112	440	444.791166	2.786746	-1	0	0	0	0
1.488552	441	444.851969	2.786365	1	0	0	0	0
0	442	444.912773	2.785984	0	0	0	0	0
0	443	444.973576	2.785604	0	0	0	0	0
1.486875	444	445.034379	2.785223	1	0	0	0	0
-4.45895	445	445.095182	2.784843	-3	0	0	0	0
4.457278	446	445.155986	2.784462	3	0	0	0	0
4.455608	447	445.216789	2.784082	3	0	0	0	0
0	448	445.277592	2.783702	0	0	0	0	0
2.968181	449	445.338395	2.783322	2	0	0	0	0
2.967071	450	445.399199	2.782942	2	0	0	0	0
2.965962	451	445.460002	2.782562	2	0	0	0	0
5.929707	452	445.520805	2.782182	4	0	0	0	0
4.44562	453	445.581608	2.781802	3	0	0	0	0
5.925281	454	445.642412	2.781423	4	0	0	0	0
0	455	445.703215	2.781043	0	0	0	0	0
0	456	445.764018	2.780664	0	0	0	0	0
1.479665	457	445.824821	2.780285	1	0	0	0	0
1.479114	458	445.885625	2.779906	1	0	0	0	0
1.478564	459	445.946428	2.779527	1	0	0	0	0
1.478014	460	446.007231	2.779148	1	0	0	0	0
2.95493	461	446.068034	2.778769	2	0	0	0	0
1.476917	462	446.128838	2.77839	1	0	0	0	0
1.476369	463	446.189641	2.778012	1	0	0	0	0
2.951643	464	446.250444	2.777633	2	0	0	0	0
4.425823	465	446.311247	2.777255	3	0	0	0	0
4.424184	466	446.372051	2.776876	3	0	0	0	0
2.948365	467	446.432854	2.776498	2	0	0	0	0
4.420912	468	446.493657	2.77612	3	0	0	0	0
4.419278	469	446.55446	2.775742	3	0	0	0	0
7.362742	470	446.615264	2.775364	5	0	0	0	0
8.832029	471	446.676067	2.774986	6	0	0	0	0
1.471462	472	446.73687	2.774609	1	0	0	0	0
1.470919	473	446.797673	2.774231	1	0	0	0	0
2.940755	474	446.858477	2.773854	2	0	0	0	0
1.469836	475	446.91928	2.773476	1	0	0	0	0
4.407885	476	446.980083	2.773099	3	0	0	0	0
7.343774	477	447.040886	2.772722	5	0	0	0	0
2.93643	478	447.10169	2.772345	2	0	0	0	0
1.467676	479	447.162493	2.771968	1	0	0	0	0
4.401411	480	447.223296	2.771591	3	0	0	0	0
5.866396	481	447.284099	2.771214	4	0	0	0	0
4.398184	482	447.344903	2.770837	3	0	0	0	0
7.327621	483	447.405706	2.770461	5	0	0	0	0
2.929976	484	447.466509	2.770084	2	0	0	0	0
5.857807	485	447.527312	2.769708	4	0	0	0	0
2.927833	486	447.588116	2.769332	2	0	0	0	0
1.463381	487	447.648919	2.768956	1	0	0	0	0
0	488	447.709722	2.76858	0	0	0	0	0
-1.462313	489	447.770525	2.768204	-1	0	0	0	0
2.92356	490	447.831329	2.767828	2	0	0	0	0
4.383741	491	447.892132	2.767452	3	0	0	0	0
4.382145	492	447.952935	2.767076	3	0	0	0	0
0	493	448.013738	2.766701	0	0	0	0	0
1.459652	494	448.074542	2.766325	1	0	0	0	0
2.918243	495	448.135345	2.76595	2	0	0	0	0
7.292957	496	448.196148	2.765575	5	0	0	0	0
8.74837	497	448.256951	2.7652	6	0	0	0	0
1.457533	498	448.317755	2.764825	1	0	0	0	0
7.285021	499	448.378558	2.76445	5	0	0	0	0
4.369429	500	448.439361	2.764075	3	0	0	0	0
0	501	448.500164	2.7637	0	0	0	0	0
4.366266	502	448.560968	2.763326	3	0	0	0	0
5.819582	503	448.621771	2.762951	4	0	0	0	0
4.363109	504	448.682574	2.762577	3	0	0	0	0
2.907689	505	448.743377	2.762202	2	0	0	0	0
5.813278	506	448.804181	2.761828	4	0	0	0	0
7.263976	507	448.864984	2.761454	5	0	0	0	0
1.452272	508	448.925787	2.76108	1	0	0	0	0
1.451748	509	448.98659	2.760706	1	0	0	0	0
2.902451	510	449.047394	2.760332	2	0	0	0	0
-1.450703	511	449.108197	2.759959	-1	0	0	0	0
2.900364	512	449.169	2.759585	2	0	0	0	0
5.798643	513	449.229803	2.759211	4	0	0	0	0
2.89828	514	449.290606	2.758838	2	0	0	0	0
2.89724	515	449.35141	2.758465	2	0	0	0	0
8.688603	516	449.412213	2.758091	6	0	0	0	0
4.342744	517	449.473016	2.757718	3	0	0	0	0
2.894126	518	449.533819	2.757345	2	0	0	0	0
2.89309	519	449.594623	2.756972	2	0	0	0	0
2.892055	520	449.655426	2.7566	2	0	0	0	0
5.782042	521	449.716229	2.756227	4	0	0	0	0
1.444994	522	449.777032	2.755854	1	0	0	0	0
7.222391	523	449.837836	2.755482	5	0	0	0	0
4.331889	524	449.898639	2.755109	3	0	0	0	0
4.330344	525	449.959442	2.754737	3	0	0	0	0
2.885867	526	450.020245	2.754365	2	0	0	0	0
2.88484	527	450.081049	2.753993	2	0	0	0	0
2.883813	528	450.141852	2.753621	2	0	0	0	0
2.882787	529	450.202655	2.753249	2	0	0	0	0
2.881763	530	450.263458	2.752877	2	0	0	0	0
5.761478	531	450.324262	2.752505	4	0	0	0	0
4.319575	532	450.385065	2.752134	3	0	0	0	0
4.318043	533	450.445868	2.751762	3	0	0	0	0
2.877675	534	450.506671	2.751391	2	0	0	0	0
2.876655	535	450.567475	2.75102	2	0	0	0	0
4.313455	536	450.628278	2.750649	3	0	0	0	0
2.87462	537	450.689081	2.750277	2	0	0	0	0
1.436802	538	450.749884	2.749906	1	0	0	0	0
2.872588	539	450.810688	2.749536	2	0	0	0	0
2.871574	540	450.871491	2.749165	2	0	0	0	0
4.30584	541	450.932294	2.748794	3	0	0	0	0
4.304322	542	450.993097	2.748423	3	0	0	0	0
0	543	451.053901	2.748053	0	0	0	0	0
1.433763	544	451.114704	2.747683	1	0	0	0	0
4.299776	545	451.175507	2.747312	3	0	0	0	0
1.432755	546	451.23631	2.746942	1	0	0	0	0
0	547	451.297114	2.746572	0	0	0	0	0
2.863496	548	451.357917	2.746202	2	0	0	0	0
2.862491	549	451.41872	2.745832	2	0	0	0	0
2.861486	550	451.479523	2.745462	2	0	0	0	0
4.290725	551	451.540327	2.745093	3	0	0	0	0
5.718962	552	451.60113	2.744723	4	0	0	0	0
4.28772	553	451.661933	2.744353	3	0	0	0	0
5.71496	554	451.722736	2.743984	4	0	0	0	0
4.284721	555	451.78354	2.743615	3	0	0	0	0
5.710965	556	451.844343	2.743246	4	0	0	0	0
5.708971	557	451.905146	2.742876	4	0	0	0	0
-1.426745	558	451.965949	2.742507	-1	0	0	0	0
5.704989	559	452.026753	2.742139	4	0	0	0	0
8.554501	560	452.087556	2.74177	6	0	0	0	0
2.850507	561	452.148359	2.741401	2	0	0	0	0
7.123788	562	452.209162	2.741032	5	0	0	0	0
0	563	452.269966	2.740664	0	0	0	0	0
4.271301	564	452.330769	2.740296	3	0	0	0	0
2.846545	565	452.391572	2.739927	2	0	0	0	0
4.268335	566	452.452375	2.739559	3	0	0	0	0
2.844569	567	452.513179	2.739191	2	0	0	0	0
5.687167	568	452.573982	2.738823	4	0	0	0	0
5.685196	569	452.634785	2.738455	4	0	0	0	0
4.262421	570	452.695588	2.738087	3	0	0	0	0
4.260946	571	452.756392	2.737719	3	0	0	0	0
7.099122	572	452.817195	2.737352	5	0	0	0	0
5.677335	573	452.877998	2.736984	4	0	0	0	0
2.837687	574	452.938801	2.736617	2	0	0	0	0
8.510125	575	452.999605	2.73625	6	0	0	0	0
2.83573	576	453.060408	2.735882	2	0	0	0	0
4.252129	577	453.121211	2.735515	3	0	0	0	0
5.667553	578	453.182014	2.735148	4	0	0	0	0
4.249202	579	453.242818	2.734781	3	0	0	0	0
4.247741	580	453.303621	2.734415	3	0	0	0	0
2.830854	581	453.364424	2.734048	2	0	0	0	0
8.489644	582	453.425227	2.733681	6	0	0	0	0
4.243365	583	453.486031	2.733315	3	0	0	0	0
5.65588	584	453.546834	2.732948	4	0	0	0	0
2.82697	585	453.607637	2.732582	2	0	0	0	0
2.826002	586	453.66844	2.732216	2	0	0	0	0
7.062587	587	453.729244	2.731849	5	0	0	0	0
1.412034	588	453.790047	2.731483	1	0	0	0	0
2.823103	589	453.85085	2.731118	2	0	0	0	0
4.233207	590	453.911653	2.730752	3	0	0	0	0
2.821175	591	453.972457	2.730386	2	0	0	0	0
4.230318	592	454.03326	2.73002	3	0	0	0	0
2.819251	593	454.094063	2.729655	2	0	0	0	0
1.409145	594	454.154866	2.729289	1	0	0	0	0
7.043326	595	454.21567	2.728924	5	0	0	0	0
4.224558	596	454.276473	2.728559	3	0	0	0	0
5.630828	597	454.337276	2.728193	4	0	0	0	0
5.628914	598	454.398079	2.727828	4	0	0	0	0
9.847255	599	454.458883	2.727463	7	0	0	0	0
1.406273	600	454.519686	2.727099	1	0	0	0	0
5.623186	601	454.580489	2.726734	4	0	0	0	0
5.62128	602	454.641292	2.726369	4	0	0	0	0
2.809688	603	454.702096	2.726005	2	0	0	0	0
5.617474	604	454.762899	2.72564	4	0	0	0	0
8.423361	605	454.823702	2.725276	6	0	0	0	0
4.210257	606	454.884505	2.724911	3	0	0	0	0
4.208835	607	454.945309	2.724547	3	0	0	0	0
5.609886	608	455.006112	2.724183	4	0	0	0	0
2.803997	609	455.066915	2.723819	2	0	0	0	0
4.204577	610	455.127718	2.723455	3	0	0	0	0
5.604214	611	455.188522	2.723092	4	0	0	0	0
-1.400582	612	455.249325	2.722728	-1	0	0	0	0
5.600443	613	455.310128	2.722364	4	0	0	0	0
4.19892	614	455.370931	2.722001	3	0	0	0	0
6.995849	615	455.431735	2.721637	5	0	0	0	0
2.7974	616	455.492538	2.721274	2	0	0	0	0
4.194692	617	455.553341	2.720911	3	0	0	0	0
1.397762	618	455.614144	2.720548	1	0	0	0	0
0	619	455.674948	2.720185	0	0	0	0	0
1.396826	620	455.735751	2.719822	1	0	0	0	0
2.792717	621	455.796554	2.719459	2	0	0	0	0
5.583566	622	455.857357	2.719096	4	0	0	0	0
5.5817	623	455.918161	2.718734	4	0	0	0	0
6.974795	624	455.978964	2.718371	5	0	0	0	0
5.577974	625	456.039767	2.718009	4	0	0	0	0
2.788057	626	456.10057	2.717646	2	0	0	0	0
4.180692	627	456.161374	2.717284	3	0	0	0	0
6.965499	628	456.222177	2.716922	5	0	0	0	0
0	629	456.28298	2.71656	0	0	0	0	0
5.568692	630	456.343783	2.716198	4	0	0	0	0
4.175131	631	456.404587	2.715836	3	0	0	0	0
2.782496	632	456.46539	2.715474	2	0	0	0	0
1.390786	633	456.526193	2.715113	1	0	0	0	0
4.170975	634	456.586996	2.714751	3	0	0	0	0
6.949322	635	456.6478	2.71439	5	0	0	0	0
6.94702	636	456.708603	2.714028	5	0	0	0	0
4.166832	637	456.769406	2.713667	3	0	0	0	0
4.165454	638	456.830209	2.713306	3	0	0	0	0
4.164077	639	456.891013	2.712945	3	0	0	0	0
4.162702	640	456.951816	2.712584	3	0	0	0	0
5.548437	641	457.012619	2.712223	4	0	0	0	0
5.546606	642	457.073422	2.711862	4	0	0	0	0
2.772389	643	457.134226	2.711501	2	0	0	0	0
4.157214	644	457.195029	2.711141	3	0	0	0	0
4.155845	645	457.255832	2.71078	3	0	0	0	0
1.384826	646	457.316635	2.71042	1	0	0	0	0
8.306224	647	457.377439	2.710059	6	0	0	0	0
2.767832	648	457.438242	2.709699	2	0	0	0	0
4.150385	649	457.499045	2.709339	3	0	0	0	0
1.383008	650	457.559848	2.708979	1	0	0	0	0
4.147663	651	457.620652	2.708619	3	0	0	0	0
4.146304	652	457.681455	2.708259	3	0	0	0	0
4.144947	653	457.742258	2.707899	3	0	0	0	0
4.143591	654	457.803061	2.70754	3	0	0	0	0
6.903726	655	457.863865	2.70718	5	0	0	0	0
1.380294	656	457.924668	2.706821	1	0	0	0	0
4.13953	657	457.985471	2.706461	3	0	0	0	0
2.758787	658	458.046274	2.706102	2	0	0	0	0
4.136831	659	458.107078	2.705743	3	0	0	0	0
2.756988	660	458.167881	2.705384	2	0	0	0	0
6.890227	661	458.228684	2.705025	5	0	0	0	0
2.755194	662	458.289487	2.704666	2	0	0	0	0
9.640043	663	458.350291	2.704307	7	0	0	0	0
4.130105	664	458.411094	2.703949	3	0	0	0	0
2.752509	665	458.471897	2.70359	2	0	0	0	0
5.503232	666	458.5327	2.703231	4	0	0	0	0
8.252171	667	458.593504	2.702873	6	0	0	0	0
2.749832	668	458.654307	2.702515	2	0	0	0	0
2.748942	669	458.71511	2.702156	2	0	0	0	0
2.748052	670	458.775913	2.701798	2	0	0	0	0
4.120746	671	458.836717	2.70144	3	0	0	0	0
4.119414	672	458.89752	2.701082	3	0	0	0	0
6.863473	673	458.958323	2.700725	5	0	0	0	0
0	674	459.019126	2.700367	0	0	0	0	0
2.743618	675	459.07993	2.700009	2	0	0	0	0
5.485468	676	459.140733	2.699652	4	0	0	0	0
1.370925	677	459.201536	2.699294	1	0	0	0	0
5.481937	678	459.262339	2.698937	4	0	0	0	0
5.480174	679	459.323143	2.698579	4	0	0	0	0
4.10881	680	459.383946	2.698222	3	0	0	0	0
1.369164	681	459.444749	2.697865	1	0	0	0	0
6.843621	682	459.505552	2.697508	5	0	0	0	0
6.841426	683	459.566356	2.697151	5	0	0	0	0
2.735693	684	459.627159	2.696795	2	0	0	0	0
4.102226	685	459.687962	2.696438	3	0	0	0	0
2.733942	686	459.748765	2.696081	2	0	0	0	0
4.099602	687	459.809569	2.695725	3	0	0	0	0
1.366097	688	459.870372	2.695368	1	0	0	0	0
8.193966	689	459.931175	2.695012	6	0	0	0	0
6.826126	690	459.991978	2.694656	5	0	0	0	0
2.72958	691	460.052782	2.6943	2	0	0	0	0
1.364355	692	460.113585	2.693943	1	0	0	0	0
5.455681	693	460.174388	2.693588	4	0	0	0	0
4.090459	694	460.235191	2.693232	3	0	0	0	0
1.363053	695	460.295995	2.692876	1	0	0	0	0
2.725239	696	460.356798	2.69252	2	0	0	0	0
4.08656	697	460.417601	2.692165	3	0	0	0	0
1.361754	698	460.478404	2.691809	1	0	0	0	0
6.806613	699	460.539208	2.691454	5	0	0	0	0
4.082674	700	460.600011	2.691099	3	0	0	0	0
5.441841	701	460.660814	2.690743	4	0	0	0	0
2.720059	702	460.721617	2.690388	2	0	0	0	0
4.078799	703	460.782421	2.690033	3	0	0	0	0
4.07751	704	460.843224	2.689678	3	0	0	0	0
4.076222	705	460.904027	2.689323	3	0	0	0	0
2.716624	706	460.96483	2.688969	2	0	0	0	0
6.789418	707	461.025634	2.688614	5	0	0	0	0
4.072367	708	461.086437	2.68826	3	0	0	0	0
6.785141	709	461.14724	2.687905	5	0	0	0	0
4.069804	710	461.208043	2.687551	3	0	0	0	0
-1.356175	711	461.268847	2.687196	-1	0	0	0	0
5.422994	712	461.32965	2.686842	4	0	0	0	0
5.421291	713	461.390453	2.686488	4	0	0	0	0
4.064692	714	461.451256	2.686134	3	0	0	0	0
8.126835	715	461.51206	2.68578	6	0	0	0	0
5.416192	716	461.572863	2.685427	4	0	0	0	0
6.76812	717	461.633666	2.685073	5	0	0	0	0
6.766003	718	461.694469	2.684719	5	0	0	0	0
2.705555	719	461.755273	2.684366	2	0	0	0	0
0	720	461.816076	2.684012	0	0	0	0	0
1.351932	721	461.876879	2.683659	1	0	0	0	0
2.703021	722	461.937682	2.683306	2	0	0	0	0
2.702178	723	461.998486	2.682953	2	0	0	0	0
0	724	462.059289	2.682599	0	0	0	0	0
4.050743	725	462.120092	2.682247	3	0	0	0	0
6.749137	726	462.180895	2.681894	5	0	0	0	0
5.397631	727	462.241699	2.681541	4	0	0	0	0
5.395954	728	462.302502	2.681188	4	0	0	0	0
4.045709	729	462.363305	2.680836	3	0	0	0	0
1.348151	730	462.424108	2.680483	1	0	0	0	0
2.695466	731	462.484912	2.680131	2	0	0	0	0
4.041947	732	462.545715	2.679778	3	0	0	0	0
0	733	462.606518	2.679426	0	0	0	0	0
4.039445	734	462.667321	2.679074	3	0	0	0	0
2.692131	735	462.728125	2.678722	2	0	0	0	0
2.691299	736	462.788928	2.67837	2	0	0	0	0
4.035703	737	462.849731	2.678018	3	0	0	0	0
0	738	462.910534	2.677666	0	0	0	0	0
2.688809	739	462.971338	2.677315	2	0	0	0	0
4.031971	740	463.032141	2.676963	3	0	0	0	0
1.343577	741	463.092944	2.676612	1	0	0	0	0
-1.343163	742	463.153747	2.67626	-1	0	0	0	0
1.342751	743	463.214551	2.675909	1	0	0	0	0
1.342338	744	463.275354	2.675558	1	0	0	0	0
8.051556	745	463.336157	2.675207	6	0	0	0	0
4.024543	746	463.39696	2.674856	3	0	0	0	0
8.046619	747	463.457764	2.674505	6	0	0	0	0
1.340692	748	463.518567	2.674154	1	0	0	0	0
0	749	463.57937	2.673803	0	0	0	0	0
6.69936	750	463.640173	2.673453	5	0	0	0	0
0	751	463.700977	2.673102	0	0	0	0	0
4.01716	752	463.76178	2.672752	3	0	0	0	0
0	753	463.822583	2.672401	0	0	0	0	0
4.014709	754	463.883386	2.672051	3	0	0	0	0
2.675657	755	463.94419	2.671701	2	0	0	0	0
2.674842	756	464.004993	2.671351	2	0	0	0	0
4.011042	757	464.065796	2.671001	3	0	0	0	0
4.009823	758	464.126599	2.670651	3	0	0	0	0
6.681007	759	464.187403	2.670301	5	0	0	0	0
2.671591	760	464.248206	2.669951	2	0	0	0	0
4.006171	761	464.309009	2.669601	3	0	0	0	0
1.334985	762	464.369812	2.669252	1	0	0	0	0
5.338323	763	464.430616	2.668902	4	0	0	0	0
5.336706	764	464.491419	2.668553	4	0	0	0	0
5.335092	765	464.552222	2.668204	4	0	0	0	0
4.000109	766	464.613025	2.667855	3	0	0	0	0
3.9989	767	464.673829	2.667506	3	0	0	0	0
6.662821	768	464.734632	2.667157	5	0	0	0	0
5.328649	769	464.795435	2.666808	4	0	0	0	0
5.327042	770	464.856238	2.666459	4	0	0	0	0
7.988156	771	464.917042	2.66611	6	0	0	0	0
5.323834	772	464.977845	2.665761	4	0	0	0	0
5.322233	773	465.038648	2.665413	4	0	0	0	0
3.990475	774	465.099451	2.665064	3	0	0	0	0
7.978552	775	465.160255	2.664716	6	0	0	0	0
3.988078	776	465.221058	2.664368	3	0	0	0	0
5.315843	777	465.281861	2.66402	4	0	0	0	0
3.985687	778	465.342664	2.663672	3	0	0	0	0
3.984493	779	465.403468	2.663324	3	0	0	0	0
5.311068	780	465.464271	2.662976	4	0	0	0	0
3.982109	781	465.525074	2.662628	3	0	0	0	0
2.653946	782	465.585877	2.66228	2	0	0	0	0
3.97973	783	465.646681	2.661932	3	0	0	0	0
6.630904	784	465.707484	2.661585	5	0	0	0	0
0	785	465.768287	2.661237	0	0	0	0	0
6.626951	786	465.82909	2.66089	5	0	0	0	0
5.299982	787	465.889894	2.660543	4	0	0	0	0
3.973804	788	465.950697	2.660196	3	0	0	0	0
1.324207	789	466.0115	2.659849	1	0	0	0	0
5.295256	790	466.072303	2.659502	4	0	0	0	0
2.646842	791	466.133107	2.659155	2	0	0	0	0
3.969085	792	466.19391	2.658808	3	0	0	0	0
3.967908	793	466.254713	2.658461	3	0	0	0	0
3.966733	794	466.315516	2.658114	3	0	0	0	0
5.287411	795	466.37632	2.657768	4	0	0	0	0
5.285847	796	466.437123	2.657421	4	0	0	0	0
5.284284	797	466.497926	2.657075	4	0	0	0	0
6.603404	798	466.558729	2.656729	5	0	0	0	0
5.281164	799	466.619533	2.656383	4	0	0	0	0
3.959705	800	466.680336	2.656036	3	0	0	0	0
5.27805	801	466.741139	2.65569	4	0	0	0	0
3.957372	802	466.801942	2.655345	3	0	0	0	0
2.637471	803	466.862746	2.654999	2	0	0	0	0
3.955044	804	466.923549	2.654653	3	0	0	0	0
1.31796	805	466.984352	2.654307	1	0	0	0	0
5.270294	806	467.045155	2.653962	4	0	0	0	0
2.634373	807	467.105959	2.653616	2	0	0	0	0
3.950402	808	467.166762	2.653271	3	0	0	0	0
6.582073	809	467.227565	2.652926	5	0	0	0	0
2.632058	810	467.288368	2.65258	2	0	0	0	0
2.631288	811	467.349172	2.652235	2	0	0	0	0
5.261038	812	467.409975	2.65189	4	0	0	0	0
1.314875	813	467.470778	2.651545	1	0	0	0	0
5.257966	814	467.531581	2.651201	4	0	0	0	0
1.314108	815	467.592385	2.650856	1	0	0	0	0
7.88235	816	467.653188	2.650511	6	0	0	0	0
5.253369	817	467.713991	2.650167	4	0	0	0	0
3.93888	818	467.774794	2.649822	3	0	0	0	0
9.188047	819	467.835598	2.649478	7	0	0	0	0
3.93659	820	467.896401	2.649133	3	0	0	0	0
3.935447	821	467.957204	2.648789	3	0	0	0	0
3.934305	822	468.018007	2.648445	3	0	0	0	0
7.866328	823	468.078811	2.648101	6	0	0	0	0
3.932024	824	468.139614	2.647757	3	0	0	0	0
5.241181	825	468.200417	2.647413	4	0	0	0	0
1.309916	826	468.26122	2.64707	1	0	0	0	0
6.547687	827	468.322024	2.646726	5	0	0	0	0
2.618318	828	468.382827	2.646382	2	0	0	0	0
2.617562	829	468.44363	2.646039	2	0	0	0	0
5.233614	830	468.504433	2.645695	4	0	0	0	0
3.924079	831	468.565237	2.645352	3	0	0	0	0
7.845898	832	468.62604	2.645009	6	0	0	0	0
5.229093	833	468.686843	2.644666	4	0	0	0	0
1.306897	834	468.747646	2.644323	1	0	0	0	0
3.919565	835	468.80845	2.64398	3	0	0	0	0
5.224586	836	468.869253	2.643637	4	0	0	0	0
5.223087	837	468.930056	2.643294	4	0	0	0	0
5.221589	838	468.990859	2.642951	4	0	0	0	0
5.220093	839	469.051663	2.642609	4	0	0	0	0
5.218598	840	469.112466	2.642266	4	0	0	0	0
2.608552	841	469.173269	2.641924	2	0	0	0	0
1.303903	842	469.234072	2.641581	1	0	0	0	0
2.607062	843	469.294876	2.641239	2	0	0	0	0
3.909476	844	469.355679	2.640897	3	0	0	0	0
5.211148	845	469.416482	2.640555	4	0	0	0	0
9.11691	846	469.477285	2.640213	7	0	0	0	0
1.302045	847	469.538089	2.639871	1	0	0	0	0
6.508371	848	469.598892	2.639529	5	0	0	0	0
3.903912	849	469.659695	2.639188	3	0	0	0	0
5.203737	850	469.720498	2.638846	4	0	0	0	0
0	851	469.781302	2.638504	0	0	0	0	0
2.600391	852	469.842105	2.638163	2	0	0	0	0
5.199308	853	469.902908	2.637822	4	0	0	0	0
3.898377	854	469.963711	2.63748	3	0	0	0	0
5.196364	855	470.024515	2.637139	4	0	0	0	0
2.597447	856	470.085318	2.636798	2	0	0	0	0
2.596713	857	470.146121	2.636457	2	0	0	0	0
5.191958	858	470.206924	2.636116	4	0	0	0	0
1.297623	859	470.267728	2.635775	1	0	0	0	0
2.594515	860	470.328531	2.635434	2	0	0	0	0
3.890675	861	470.389334	2.635094	3	0	0	0	0
5.186106	862	470.450137	2.634753	4	0	0	0	0
5.184647	863	470.510941	2.634413	4	0	0	0	0
5.183189	864	470.571744	2.634072	4	0	0	0	0
7.772599	865	470.632547	2.633732	6	0	0	0	0
5.180278	866	470.69335	2.633392	4	0	0	0	0
5.178824	867	470.754154	2.633052	4	0	0	0	0
1.294343	868	470.814957	2.632712	1	0	0	0	0
3.881942	869	470.87576	2.632372	3	0	0	0	0
2.587237	870	470.936563	2.632032	2	0	0	0	0
5.173027	871	470.997367	2.631692	4	0	0	0	0
5.171581	872	471.05817	2.631352	4	0	0	0	0
2.585068	873	471.118973	2.631013	2	0	0	0	0
6.460867	874	471.179776	2.630673	5	0	0	0	0
6.459066	875	471.24058	2.630334	5	0	0	0	0
3.87436	876	471.301383	2.629994	3	0	0	0	0
-1.291094	877	471.362186	2.629655	-1	0	0	0	0
5.162938	878	471.422989	2.629316	4	0	0	0	0
6.451879	879	471.483793	2.628977	5	0	0	0	0
6.450087	880	471.544596	2.628638	5	0	0	0	0
5.158637	881	471.605399	2.628299	4	0	0	0	0
2.578603	882	471.666202	2.62796	2	0	0	0	0
9.02261	883	471.727006	2.627621	7	0	0	0	0
6.442937	884	471.787809	2.627283	5	0	0	0	0
9.017616	885	471.848612	2.626944	7	0	0	0	0
5.151499	886	471.909415	2.626606	4	0	0	0	0
6.437594	887	471.970219	2.626267	5	0	0	0	0
3.86149	888	472.031022	2.625929	3	0	0	0	0
6.434042	889	472.091825	2.625591	5	0	0	0	0
6.432268	890	472.152628	2.625253	5	0	0	0	0
5.144397	891	472.213432	2.624915	4	0	0	0	0
2.571491	892	472.274235	2.624577	2	0	0	0	0
2.570784	893	472.335038	2.624239	2	0	0	0	0
3.855116	894	472.395841	2.623901	3	0	0	0	0
2.569372	895	472.456645	2.623563	2	0	0	0	0
3.853	896	472.517448	2.623226	3	0	0	0	0
5.135925	897	472.578251	2.622888	4	0	0	0	0
3.850888	898	472.639054	2.622551	3	0	0	0	0
1.283278	899	472.699858	2.622214	1	0	0	0	0
6.414635	900	472.760661	2.621876	5	0	0	0	0
7.695459	901	472.821464	2.621539	6	0	0	0	0
5.128905	902	472.882267	2.621202	4	0	0	0	0
6.409382	903	472.943071	2.620865	5	0	0	0	0
5.126107	904	473.003874	2.620528	4	0	0	0	0
3.843533	905	473.064677	2.620191	3	0	0	0	0
1.280829	906	473.12548	2.619855	1	0	0	0	0
3.841441	907	473.186284	2.619518	3	0	0	0	0
3.840397	908	473.247087	2.619181	3	0	0	0	0
5.119139	909	473.30789	2.618845	4	0	0	0	0
2.558875	910	473.368693	2.618509	2	0	0	0	0
7.674542	911	473.429497	2.618172	6	0	0	0	0
3.836231	912	473.4903	2.617836	3	0	0	0	0
3.835193	913	473.551103	2.6175	3	0	0	0	0
5.112207	914	473.611906	2.617164	4	0	0	0	0
5.110825	915	473.67271	2.616828	4	0	0	0	0
5.109444	916	473.733513	2.616492	4	0	0	0	0
5.108065	917	473.794316	2.616156	4	0	0	0	0
2.553344	918	473.855119	2.615821	2	0	0	0	0
2.552655	919	473.915923	2.615485	2	0	0	0	0
7.655904	920	473.976726	2.61515	6	0	0	0	0
5.102563	921	474.037529	2.614814	4	0	0	0	0
1.275298	922	474.098332	2.614479	1	0	0	0	0
5.09982	923	474.159136	2.614143	4	0	0	0	0
7.647677	924	474.219939	2.613808	6	0	0	0	0
2.548542	925	474.280742	2.613473	2	0	0	0	0
2.547859	926	474.341545	2.613138	2	0	0	0	0
2.547177	927	474.402349	2.612803	2	0	0	0	0
1.273247	928	474.463152	2.612468	1	0	0	0	0
3.818721	929	474.523955	2.612134	3	0	0	0	0
3.817701	930	474.584758	2.611799	3	0	0	0	0
2.544454	931	474.645562	2.611464	2	0	0	0	0
1.271888	932	474.706365	2.61113	1	0	0	0	0
2.543098	933	474.767168	2.610796	2	0	0	0	0
3.81363	934	474.827971	2.610461	3	0	0	0	0
2.541744	935	474.888775	2.610127	2	0	0	0	0
1.270534	936	474.949578	2.609793	1	0	0	0	0
5.080785	937	475.010381	2.609459	4	0	0	0	0
0	938	475.071184	2.609125	0	0	0	0	0
5.078089	939	475.131988	2.608791	4	0	0	0	0
3.807557	940	475.192791	2.608457	3	0	0	0	0
2.537699	941	475.253594	2.608123	2	0	0	0	0
5.074055	942	475.314397	2.60779	4	0	0	0	0
2.536357	943	475.375201	2.607456	2	0	0	0	0
3.803529	944	475.436004	2.607123	3	0	0	0	0
3.802525	945	475.496807	2.606789	3	0	0	0	0
3.801522	946	475.55761	2.606456	3	0	0	0	0
5.06736	947	475.618414	2.606123	4	0	0	0	0
5.066025	948	475.679217	2.60579	4	0	0	0	0
5.064692	949	475.74002	2.605457	4	0	0	0	0
3.79752	950	475.800823	2.605124	3	0	0	0	0
3.796522	951	475.861627	2.604791	3	0	0	0	0
8.856226	952	475.92243	2.604458	7	0	0	0	0
1.264843	953	475.983233	2.604125	1	0	0	0	0
2.529023	954	476.044036	2.603793	2	0	0	0	0
3.792541	955	476.10484	2.60346	3	0	0	0	0
1.26385	956	476.165643	2.603128	1	0	0	0	0
2.527038	957	476.226446	2.602795	2	0	0	0	0
5.052756	958	476.287249	2.602463	4	0	0	0	0
3.788577	959	476.348052	2.602131	3	0	0	0	0
6.312648	960	476.408856	2.601799	5	0	0	0	0
1.262201	961	476.469659	2.601467	1	0	0	0	0
3.785615	962	476.530462	2.601135	3	0	0	0	0
2.523087	963	476.591265	2.600803	2	0	0	0	0
2.522431	964	476.652069	2.600471	2	0	0	0	0
6.304438	965	476.712872	2.60014	5	0	0	0	0
2.52112	966	476.773675	2.599808	2	0	0	0	0
5.040933	967	476.834478	2.599476	4	0	0	0	0
2.519813	968	476.895282	2.599145	2	0	0	0	0
5.038321	969	476.956085	2.598814	4	0	0	0	0
2.518508	970	477.016888	2.598482	2	0	0	0	0
3.776786	971	477.077691	2.598151	3	0	0	0	0
3.77581	972	477.138495	2.59782	3	0	0	0	0
5.033114	973	477.199298	2.597489	4	0	0	0	0
3.773861	974	477.260101	2.597158	3	0	0	0	0
7.545777	975	477.320904	2.596827	6	0	0	0	0
1.257306	976	477.381708	2.596497	1	0	0	0	0
3.770946	977	477.442511	2.596166	3	0	0	0	0
1.256659	978	477.503314	2.595835	1	0	0	0	0
7.538016	979	477.564117	2.595505	6	0	0	0	0
3.768041	980	477.624921	2.595174	3	0	0	0	0
2.511383	981	477.685724	2.594844	2	0	0	0	0
5.021478	982	477.746527	2.594514	4	0	0	0	0
3.765144	983	477.80733	2.594184	3	0	0	0	0
1.254727	984	477.868134	2.593854	1	0	0	0	0
2.508812	985	477.928937	2.593524	2	0	0	0	0
5.016343	986	477.98974	2.593194	4	0	0	0	0
2.507531	987	478.050543	2.592864	2	0	0	0	0
5.013783	988	478.111347	2.592534	4	0	0	0	0
2.506253	989	478.17215	2.592205	2	0	0	0	0
5.011229	990	478.232953	2.591875	4	0	0	0	0
2.504977	991	478.293756	2.591545	2	0	0	0	0
2.50434	992	478.35456	2.591216	2	0	0	0	0
1.251852	993	478.415363	2.590887	1	0	0	0	0
5.006137	994	478.476166	2.590557	4	0	0	0	0
6.256085	995	478.536969	2.590228	5	0	0	0	0
0	996	478.597773	2.589899	0	0	0	0	0
5.002333	997	478.658576	2.58957	4	0	0	0	0
5.001067	998	478.719379	2.589241	4	0	0	0	0
1.249951	999	478.780182	2.588913	1	0	0	0	0
1.249635	1000	478.840986	2.588584	1	0	0	0	0
1.24932	1001	478.901789	2.588255	1	0	0	0	0
3.747014	1002	478.962592	2.587927	3	0	0	0	0
3.74607	1003	479.023395	2.587598	3	0	0	0	0
8.73863	1004	479.084199	2.58727	7	0	0	0	0
0	1005	479.145002	2.586941	0	0	0	0	0
6.23874	1006	479.205805	2.586613	5	0	0	0	0
2.494869	1007	479.266608	2.586285	2	0	0	0	0
3.741365	1008	479.327412	2.585957	3	0	0	0	0
3.740427	1009	479.388215	2.585629	3	0	0	0	0
3.73949	1010	479.449018	2.585301	3	0	0	0	0
-1.246185	1011	479.509821	2.584973	-1	0	0	0	0
4.983493	1012	479.570625	2.584645	4	0	0	0	0
2.491124	1013	479.631428	2.584318	2	0	0	0	0
7.471505	1014	479.692231	2.58399	6	0	0	0	0
2.489881	1015	479.753034	2.583663	2	0	0	0	0
2.48926	1016	479.813838	2.583335	2	0	0	0	0
3.73296	1017	479.874641	2.583008	3	0	0	0	0
0	1018	479.935444	2.582681	0	0	0	0	0
2.487402	1019	479.996247	2.582354	2	0	0	0	0
6.21696	1020	480.057051	2.582026	5	0	0	0	0
3.72925	1021	480.117854	2.581699	3	0	0	0	0
2.48555	1022	480.178657	2.581373	2	0	0	0	0
2.484934	1023	480.23946	2.581046	2	0	0	0	0
4.968638	1024	480.300264	2.580719	4	0	0	0	0
